@ GROUP=STARLINK
STARLINK-40000
1 48300U 26189A   26280.05811131 -.00003425 00000-0  +29252-4 213955
2 48300 53.0000  7.8436   0000496 265.1296 243.6118 15.06048353 79122

STARLINK-40001
1 48301U 26189A   26280.05811131 -.00004593 00000-0  +26286-4 649871
2 48301 53.0000  4.0265   0001254 202.0482 257.7671 15.03617777 46114

STARLINK-40002
1 48302U 26189A   26280.05811131 -.00007729 00000-0  +70851-4 382215
2 48302 53.0000  -4.4426  0001568 57.4774  152.1412 15.05287482 65144

STARLINK-40003
1 48303U 26189A   26280.05811131 -.00009459 00000-0  +35129-4 263619
2 48303 53.0000  -0.8115  0000738 95.2275  15.6422  15.03899487 72014

STARLINK-40004
1 48304U 26189A   26280.05811131 -.00007984 00000-0  +54005-4 966738
2 48304 53.0000  -8.6089  0001821 130.1886 69.2239  15.03805847 47337

STARLINK-40005
1 48305U 26189A   26280.05811131 -.00019749 00000-0  +69872-4 313195
2 48305 53.0000  6.6822   0001783 136.8454 163.2277 15.06582919 70656

STARLINK-40006
1 48306U 26189A   26280.05811131 -.00014393 00000-0  +59127-4 420872
2 48306 53.0000  0.6828   0001417 25.7049  228.5922 15.04911729 36777

STARLINK-40007
1 48307U 26189A   26280.05811131 -.00007589 00000-0  +74777-4 173314
2 48307 53.0000  5.3663   0001426 79.0615  116.7418 15.05339687 47529

STARLINK-40008
1 48308U 26189A   26280.05811131 -.00016686 00000-0  +38082-4 378690
2 48308 53.0000  4.3583   0000182 328.7290 204.1848 15.06777856 91793

STARLINK-40009
1 48309U 26189A   26280.05811131 -.00018547 00000-0  +42120-4 866228
2 48309 53.0000  -4.7452  0000580 88.7859  202.0925 15.05073174 80194

STARLINK-40010
1 48310U 26189A   26280.05811131 -.00009790 00000-0  +25352-4 243711
2 48310 53.0000  -9.0577  0002045 183.4295 32.7274  15.07081937 35044

STARLINK-40011
1 48311U 26189A   26280.05811131 -.00016465 00000-0  +39551-4 825126
2 48311 53.0000  0.5823   0000177 137.3829 358.6037 15.06000430 11882

STARLINK-40012
1 48312U 26189A   26280.05811131 -.00004947 00000-0  +71935-4 307306
2 48312 53.0000  -4.1300  0001552 276.6955 122.4632 15.06211780 84337

STARLINK-40013
1 48313U 26189A   26280.05811131 -.00015276 00000-0  +60378-4 919593
2 48313 53.0000  -7.8718  0001994 274.3064 182.7654 15.03503627 58893

STARLINK-40014
1 48314U 26189A   26280.05811131 -.00011630 00000-0  +23924-4 100749
2 48314 53.0000  8.4487   0000798 58.1577  343.2599 15.06857323 63103

STARLINK-40015
1 48315U 26189A   26280.05811131 -.00004902 00000-0  +35409-4 843648
2 48315 53.0000  -5.1826  0002021 290.4389 86.2028  15.05445069 22900

STARLINK-40016
1 48316U 26189A   26280.05811131 -.00011262 00000-0  +14845-4 820631
2 48316 53.0000  -0.4944  0001571 275.7004 46.2209  15.03833260 37050

STARLINK-40017
1 48317U 26189A   26280.05811131 -.00017831 00000-0  +39620-4 508574
2 48317 53.0000  -5.9770  0000474 194.1466 262.7752 15.04550872 75376

STARLINK-40018
1 48318U 26189A   26280.05811131 -.00014048 00000-0  +40667-4 871107
2 48318 53.0000  -3.2383  0001085 43.5615  80.8910  15.07471243 47708

STARLINK-40019
1 48319U 26189A   26280.05811131 -.00003122 00000-0  +59549-4 773918
2 48319 53.0000  -3.3914  0000168 24.2641  11.3087  15.05844406 48995

STARLINK-40020
1 48320U 26189A   26280.05811131 -.00011252 00000-0  +47746-4 719931
2 48320 53.0000  -5.1401  0001497 317.6579 207.4362 15.04604555 76693

STARLINK-40021
1 48321U 26189A   26280.05811131 -.00004648 00000-0  +40174-4 946966
2 48321 53.0000  3.4673   0000897 168.1289 262.4673 15.04252286 26126

STARLINK-40022
1 48322U 26189A   26280.05811131 -.00015380 00000-0  +66041-4 340501
2 48322 53.0000  -7.1964  0000269 68.9724  193.0629 15.03733097 55635

STARLINK-40023
1 48323U 26189A   26280.05811131 -.00017866 00000-0  +15277-4 808552
2 48323 53.0000  3.0429   0001666 308.1481 35.2471  15.05341158 12415

STARLINK-40024
1 48324U 26189A   26280.05811131 -.00018748 00000-0  +69409-4 176850
2 48324 53.0000  -1.9792  0000383 174.8308 76.9490  15.07366631 36971

STARLINK-40025
1 48325U 26189A   26280.05811131 -.00019750 00000-0  +28564-4 828452
2 48325 53.0000  9.1464   0001618 163.8030 152.2827 15.05006538 89730

STARLINK-40026
1 48326U 26189A   26280.05811131 -.00008044 00000-0  +77810-4 865692
2 48326 53.0000  -8.8567  0001208 195.1903 269.2712 15.04109833 88116

STARLINK-40027
1 48327U 26189A   26280.05811131 -.00017496 00000-0  +21020-4 985015
2 48327 53.0000  1.9007   0001972 28.8401  66.8970  15.05502047 48538

STARLINK-40028
1 48328U 26189A   26280.05811131 -.00019007 00000-0  +49877-4 840858
2 48328 53.0000  3.1475   0001208 14.3070  29.5140  15.05105748 95653

STARLINK-40029
1 48329U 26189A   26280.05811131 -.00007433 00000-0  +56881-4 699292
2 48329 53.0000  2.9100   0000678 95.6212  47.1162  15.04756125 61806

STARLINK-40030
1 48330U 26189A   26280.05811131 -.00018907 00000-0  +10652-4 763076
2 48330 53.0000  0.7527   0001292 202.6777 35.9932  15.07206719 53450

STARLINK-40031
1 48331U 26189A   26280.05811131 -.00008933 00000-0  +14815-4 496512
2 48331 53.0000  0.8644   0000539 102.5955 157.7464 15.04020472 96661

STARLINK-40032
1 48332U 26189A   26280.05811131 -.00016891 00000-0  +30957-4 240292
2 48332 53.0000  -7.6914  0001377 338.0148 48.3448  15.03521938 35467

STARLINK-40033
1 48333U 26189A   26280.05811131 -.00013282 00000-0  +60233-4 166583
2 48333 53.0000  -0.2294  0000457 228.3257 95.0342  15.04580039 25120

STARLINK-40034
1 48334U 26189A   26280.05811131 -.00017099 00000-0  +13086-4 679127
2 48334 53.0000  -6.7684  0000717 47.0951  352.7273 15.06027784 80077

STARLINK-40035
1 48335U 26189A   26280.05811131 -.00004902 00000-0  +76154-4 824203
2 48335 53.0000  -2.6157  0001432 53.6595  12.9701  15.05734273 34268

STARLINK-40036
1 48336U 26189A   26280.05811131 -.00003711 00000-0  +35526-4 993992
2 48336 53.0000  -2.8438  0001916 349.9907 14.3622  15.05209793 50886

STARLINK-40037
1 48337U 26189A   26280.05811131 -.00009013 00000-0  +49192-4 410295
2 48337 53.0000  8.5153   0001799 350.5813 269.8119 15.06158380 36628

STARLINK-40038
1 48338U 26189A   26280.05811131 -.00016783 00000-0  +71699-4 978069
2 48338 53.0000  8.6163   0000100 265.1632 119.5868 15.07395470 50651

STARLINK-40039
1 48339U 26189A   26280.05811131 -.00016385 00000-0  +17567-4 703327
2 48339 53.0000  6.3317   0001794 309.0936 80.0761  15.04557869 67283

STARLINK-40040
1 48340U 26189A   26280.05811131 -.00016521 00000-0  +25932-4 465859
2 48340 53.0000  7.2871   0000097 69.5267  118.1743 15.04711409 67533

STARLINK-40041
1 48341U 26189A   26280.05811131 -.00009795 00000-0  +78680-4 334050
2 48341 53.0000  9.4080   0001122 338.1254 41.5230  15.06056573 53497

STARLINK-40042
1 48342U 26189A   26280.05811131 -.00013142 00000-0  +34198-4 855742
2 48342 53.0000  -7.6871  0001623 157.1018 354.3249 15.03643675 41144

STARLINK-40043
1 48343U 26189A   26280.05811131 -.00015049 00000-0  +10118-4 979003
2 48343 53.0000  4.8390   0001901 193.8427 258.9948 15.04509536 42280

STARLINK-40044
1 48344U 26189A   26280.05811131 -.00004190 00000-0  +56497-4 493639
2 48344 53.0000  4.3951   0000710 113.0096 305.2855 15.04947532 93081

STARLINK-40045
1 48345U 26189A   26280.05811131 -.00009943 00000-0  +38168-4 987779
2 48345 53.0000  8.8073   0000641 45.8236  151.3607 15.04727785 38515

STARLINK-40046
1 48346U 26189A   26280.05811131 -.00008116 00000-0  +48356-4 958139
2 48346 53.0000  1.5997   0000051 103.2889 154.7597 15.05952706 62795

STARLINK-40047
1 48347U 26189A   26280.05811131 -.00010517 00000-0  +24959-4 211144
2 48347 53.0000  -6.6062  0000996 324.4251 286.5689 15.05350599 56490

STARLINK-40048
1 48348U 26189A   26280.05811131 -.00013760 00000-0  +33463-4 361009
2 48348 53.0000  -5.5072  0001687 270.4097 242.2064 15.05552454 34144

STARLINK-40049
1 48349U 26189A   26280.05811131 -.00007162 00000-0  +43260-4 354850
2 48349 53.0000  2.5953   0001749 26.2182  149.1988 15.03588347 72917

STARLINK-40050
1 48350U 26189A   26280.05811131 -.00007148 00000-0  +55924-4 657245
2 48350 53.0000  -7.8683  0000061 270.3472 277.2166 15.05468155 45856

STARLINK-40051
1 48351U 26189A   26280.05811131 -.00019285 00000-0  +46257-4 709013
2 48351 53.0000  -0.8708  0000150 89.7114  305.4011 15.04194193 97028

STARLINK-40052
1 48352U 26189A   26280.05811131 -.00013123 00000-0  +76503-4 818107
2 48352 53.0000  0.0956   0001833 220.5548 258.9386 15.07442216 83052

STARLINK-40053
1 48353U 26189A   26280.05811131 -.00015642 00000-0  +43227-4 783272
2 48353 53.0000  5.3163   0000568 89.0063  229.5581 15.07079478 89395

STARLINK-40054
1 48354U 26189A   26280.05811131 -.00007668 00000-0  +15424-4 281363
2 48354 53.0000  0.8030   0000621 97.8174  115.0954 15.05997640 34716

STARLINK-40055
1 48355U 26189A   26280.05811131 -.00014797 00000-0  +59449-4 371102
2 48355 53.0000  -1.6845  0000178 146.7358 195.3400 15.04415692 78833

STARLINK-40056
1 48356U 26189A   26280.05811131 -.00016087 00000-0  +76224-4 561052
2 48356 53.0000  -0.4604  0000089 317.0364 207.2485 15.05048553 58928

STARLINK-40057
1 48357U 26189A   26280.05811131 -.00017509 00000-0  +76740-4 389065
2 48357 53.0000  2.0651   0000888 269.1056 196.6076 15.06504546 89990

STARLINK-40058
1 48358U 26189A   26280.05811131 -.00010409 00000-0  +12032-4 712613
2 48358 53.0000  -6.6991  0000722 244.4911 145.5540 15.04368332 30916

STARLINK-40059
1 48359U 26189A   26280.05811131 -.00012080 00000-0  +73485-4 705151
2 48359 53.0000  -1.4277  0001234 238.6799 30.2211  15.07413534 39771

STARLINK-40060
1 48360U 26189A   26280.05811131 -.00009445 00000-0  +24816-4 652553
2 48360 53.0000  5.0402   0000704 274.0427 136.4854 15.03691784 51336

STARLINK-40061
1 48361U 26189A   26280.05811131 -.00010995 00000-0  +62432-4 954265
2 48361 53.0000  -8.6276  0000154 342.6911 80.7200  15.06830290 16598

STARLINK-40062
1 48362U 26189A   26280.05811131 -.00019143 00000-0  +23955-4 839203
2 48362 53.0000  3.3892   0000091 54.8576  45.4396  15.06507579 45716

STARLINK-40063
1 48363U 26189A   26280.05811131 -.00007356 00000-0  +35823-4 314651
2 48363 53.0000  5.5558   0001262 346.9445 258.6086 15.05350782 60960

STARLINK-40064
1 48364U 26189A   26280.05811131 -.00003437 00000-0  +31837-4 199616
2 48364 53.0000  4.3003   0001405 344.9422 142.7956 15.03923041 49783

STARLINK-40065
1 48365U 26189A   26280.05811131 -.00016132 00000-0  +69521-4 555081
2 48365 53.0000  5.6527   0001251 43.5798  354.1840 15.03898251 97289

STARLINK-40066
1 48366U 26189A   26280.05811131 -.00009300 00000-0  +45417-4 574721
2 48366 53.0000  -7.8892  0000732 305.8472 296.0391 15.05204158 85320

STARLINK-40067
1 48367U 26189A   26280.05811131 -.00010403 00000-0  +61366-4 733726
2 48367 53.0000  0.7635   0001981 97.2297  290.9517 15.06319880 86169

STARLINK-40068
1 48368U 26189A   26280.05811131 -.00015427 00000-0  +28788-4 419630
2 48368 53.0000  7.6326   0001753 299.0632 31.1986  15.05232944 86131

STARLINK-40069
1 48369U 26189A   26280.05811131 -.00014359 00000-0  +33548-4 438624
2 48369 53.0000  -2.9035  0001039 117.0051 175.5180 15.05770044 65760

STARLINK-40070
1 48370U 26189A   26280.05811131 -.00013135 00000-0  +71608-4 632712
2 48370 53.0000  -5.1729  0001162 185.9858 68.7803  15.04609280 90049

STARLINK-40071
1 48371U 26189A   26280.05811131 -.00007086 00000-0  +43327-4 630053
2 48371 53.0000  -4.1153  0001474 161.3428 6.2076   15.05711351 49864

STARLINK-40072
1 48372U 26189A   26280.05811131 -.00012886 00000-0  +43128-4 694732
2 48372 53.0000  -3.3842  0001112 153.1814 268.5368 15.04715470 54383

STARLINK-40073
1 48373U 26189A   26280.05811131 -.00006919 00000-0  +60490-4 351059
2 48373 53.0000  3.8033   0000681 267.4372 342.3159 15.04717138 45450

STARLINK-40074
1 48374U 26189A   26280.05811131 -.00007700 00000-0  +51271-4 488293
2 48374 53.0000  6.6526   0001570 214.8447 352.9838 15.06445065 47278

STARLINK-40075
1 48375U 26189A   26280.05811131 -.00008139 00000-0  +59561-4 265519
2 48375 53.0000  -4.1573  0000303 16.3857  19.6294  15.04934170 90422

STARLINK-40076
1 48376U 26189A   26280.05811131 -.00003209 00000-0  +29904-4 726164
2 48376 53.0000  -4.9504  0001007 122.6541 347.5792 15.03900997 28693

STARLINK-40077
1 48377U 26189A   26280.05811131 -.00009812 00000-0  +15186-4 498243
2 48377 53.0000  1.2568   0001309 19.2993  53.7111  15.06779109 23959

STARLINK-40078
1 48378U 26189A   26280.05811131 -.00005014 00000-0  +63511-4 690490
2 48378 53.0000  0.4515   0001263 284.6667 81.2474  15.07466318 82531

STARLINK-40079
1 48379U 26189A   26280.05811131 -.00013005 00000-0  +40018-4 372359
2 48379 53.0000  -8.0153  0001187 21.6829  345.6392 15.04680058 44571

STARLINK-40080
1 48380U 26189A   26280.05811131 -.00004380 00000-0  +26791-4 715923
2 48380 53.0000  3.7874   0001154 56.3517  147.0663 15.04549230 57710

STARLINK-40081
1 48381U 26189A   26280.05811131 -.00007898 00000-0  +29790-4 919277
2 48381 53.0000  -4.7089  0001769 25.6247  84.0326  15.03621205 42419

STARLINK-40082
1 48382U 26189A   26280.05811131 -.00012258 00000-0  +55334-4 503197
2 48382 53.0000  -6.6815  0001867 297.5872 25.7075  15.05191202 57286

STARLINK-40083
1 48383U 26189A   26280.05811131 -.00010968 00000-0  +31286-4 883858
2 48383 53.0000  -1.2448  0000855 98.0086  194.3934 15.05247260 16533

STARLINK-40084
1 48384U 26189A   26280.05811131 -.00015487 00000-0  +52260-4 869556
2 48384 53.0000  7.2103   0000102 82.4128  242.7474 15.07048337 13392

STARLINK-40085
1 48385U 26189A   26280.05811131 -.00014429 00000-0  +28866-4 464581
2 48385 53.0000  3.0302   0000130 272.2568 169.3803 15.07488936 39735

STARLINK-40086
1 48386U 26189A   26280.05811131 -.00010410 00000-0  +66997-4 237101
2 48386 53.0000  -3.5788  0001988 169.2037 147.0053 15.07478428 36345

STARLINK-40087
1 48387U 26189A   26280.05811131 -.00014792 00000-0  +30175-4 512249
2 48387 53.0000  -0.9035  0001940 292.8838 198.0348 15.04809861 51359

STARLINK-40088
1 48388U 26189A   26280.05811131 -.00019493 00000-0  +38292-4 641659
2 48388 53.0000  0.8519   0001079 355.7229 236.7577 15.04783741 18886

STARLINK-40089
1 48389U 26189A   26280.05811131 -.00009150 00000-0  +62951-4 477521
2 48389 53.0000  0.9844   0001301 273.5966 73.2810  15.04240976 81783

STARLINK-40090
1 48390U 26189A   26280.05811131 -.00011240 00000-0  +12021-4 117924
2 48390 53.0000  -3.7850  0001310 287.7529 255.5218 15.07014032 76847

STARLINK-40091
1 48391U 26189A   26280.05811131 -.00019868 00000-0  +73905-4 482540
2 48391 53.0000  -0.0325  0000973 42.2878  299.5715 15.03863483 93375

STARLINK-40092
1 48392U 26189A   26280.05811131 -.00010063 00000-0  +43775-4 885616
2 48392 53.0000  -6.1878  0000994 164.4431 52.0711  15.06312292 93278

STARLINK-40093
1 48393U 26189A   26280.05811131 -.00005321 00000-0  +14887-4 450180
2 48393 53.0000  5.7543   0001595 307.5885 122.3551 15.06475816 10426

STARLINK-40094
1 48394U 26189A   26280.05811131 -.00008075 00000-0  +51086-4 552365
2 48394 53.0000  0.7716   0002048 176.2705 53.4944  15.04622002 64462

STARLINK-40095
1 48395U 26189A   26280.05811131 -.00012238 00000-0  +41874-4 406139
2 48395 53.0000  1.4360   0000694 67.9149  251.0994 15.05698316 77309

STARLINK-40096
1 48396U 26189A   26280.05811131 -.00015660 00000-0  +59366-4 299362
2 48396 53.0000  6.4150   0001673 138.9884 238.9280 15.03665235 91158

STARLINK-40097
1 48397U 26189A   26280.05811131 -.00005146 00000-0  +77575-4 698906
2 48397 53.0000  -8.0058  0000714 36.1313  304.2142 15.07349944 12511

STARLINK-40098
1 48398U 26189A   26280.05811131 -.00009970 00000-0  +55835-4 620984
2 48398 53.0000  -3.2288  0000359 169.0166 348.9133 15.06380421 23152

STARLINK-40099
1 48399U 26189A   26280.05811131 -.00017490 00000-0  +70154-4 809127
2 48399 53.0000  5.1880   0000810 113.9980 258.7383 15.06897707 15883

STARLINK-40100
1 48400U 26189A   26280.05811131 -.00006991 00000-0  +57908-4 930660
2 48400 53.0000  69.5668  0000625 81.8951  32.5366  15.05960484 26466

STARLINK-40101
1 48401U 26189A   26280.05811131 -.00014798 00000-0  +73240-4 290807
2 48401 53.0000  57.4968  0000142 286.6116 105.6124 15.05265360 50000

STARLINK-40102
1 48402U 26189A   26280.05811131 -.00012621 00000-0  +65476-4 415666
2 48402 53.0000  62.3942  0000390 28.4286  313.5023 15.05615311 91539

STARLINK-40103
1 48403U 26189A   26280.05811131 -.00005433 00000-0  +42280-4 477004
2 48403 53.0000  66.0927  0000558 91.9176  3.3831   15.07141962 99552

STARLINK-40104
1 48404U 26189A   26280.05811131 -.00010509 00000-0  +34190-4 495994
2 48404 53.0000  55.0020  0001225 230.0179 152.7512 15.04122548 42634

STARLINK-40105
1 48405U 26189A   26280.05811131 -.00017507 00000-0  +17466-4 128754
2 48405 53.0000  63.9856  0000813 129.2253 106.5141 15.07488140 74843

STARLINK-40106
1 48406U 26189A   26280.05811131 -.00012621 00000-0  +58006-4 475128
2 48406 53.0000  59.9345  0001539 17.6559  218.3063 15.04588567 47708

STARLINK-40107
1 48407U 26189A   26280.05811131 -.00008989 00000-0  +54563-4 279273
2 48407 53.0000  63.1836  0001292 243.9952 259.5342 15.05918906 25919

STARLINK-40108
1 48408U 26189A   26280.05811131 -.00013988 00000-0  +31625-4 486802
2 48408 53.0000  51.8027  0000932 208.6466 263.6495 15.07104261 63521

STARLINK-40109
1 48409U 26189A   26280.05811131 -.00005986 00000-0  +19251-4 315679
2 48409 53.0000  68.2697  0001129 349.7362 191.1069 15.06480569 52109

STARLINK-40110
1 48410U 26189A   26280.05811131 -.00019051 00000-0  +77717-4 198691
2 48410 53.0000  59.3666  0000640 313.3429 289.5237 15.07146842 33063

STARLINK-40111
1 48411U 26189A   26280.05811131 -.00006835 00000-0  +57343-4 218368
2 48411 53.0000  61.1463  0001399 143.0681 304.4680 15.06507252 74643

STARLINK-40112
1 48412U 26189A   26280.05811131 -.00012122 00000-0  +41835-4 586890
2 48412 53.0000  66.4483  0001396 242.0427 210.4416 15.03546321 27759

STARLINK-40113
1 48413U 26189A   26280.05811131 -.00011015 00000-0  +53368-4 932834
2 48413 53.0000  62.9530  0001936 118.0823 219.6296 15.06189992 86062

STARLINK-40114
1 48414U 26189A   26280.05811131 -.00008137 00000-0  +38581-4 227394
2 48414 53.0000  59.8525  0000330 340.6542 109.5713 15.07128196 48463

STARLINK-40115
1 48415U 26189A   26280.05811131 -.00005306 00000-0  +41755-4 302537
2 48415 53.0000  58.3825  0001391 267.5304 340.5507 15.07039683 77970

STARLINK-40116
1 48416U 26189A   26280.05811131 -.00017173 00000-0  +53096-4 682872
2 48416 53.0000  54.3454  0001928 100.7065 248.5010 15.06110334 48687

STARLINK-40117
1 48417U 26189A   26280.05811131 -.00004689 00000-0  +57998-4 348785
2 48417 53.0000  57.9628  0001139 352.0233 129.1226 15.06912447 30019

STARLINK-40118
1 48418U 26189A   26280.05811131 -.00017011 00000-0  +16417-4 537139
2 48418 53.0000  51.0116  0000474 230.2175 349.5936 15.07286689 49907

STARLINK-40119
1 48419U 26189A   26280.05811131 -.00016379 00000-0  +24364-4 405398
2 48419 53.0000  66.2611  0001710 199.5148 211.0979 15.07445930 63831

STARLINK-40120
1 48420U 26189A   26280.05811131 -.00016407 00000-0  +51719-4 328716
2 48420 53.0000  60.8043  0000605 354.2501 355.5098 15.06588120 28012

STARLINK-40121
1 48421U 26189A   26280.05811131 -.00003438 00000-0  +11040-4 168688
2 48421 53.0000  53.4849  0001630 85.6554  116.5577 15.06134876 30764

STARLINK-40122
1 48422U 26189A   26280.05811131 -.00011943 00000-0  +62197-4 760394
2 48422 53.0000  52.1811  0001002 280.0861 184.7657 15.06457518 46297

STARLINK-40123
1 48423U 26189A   26280.05811131 -.00003737 00000-0  +64826-4 179729
2 48423 53.0000  69.2805  0001784 187.7224 164.8953 15.07272308 88470

STARLINK-40124
1 48424U 26189A   26280.05811131 -.00010247 00000-0  +17557-4 294428
2 48424 53.0000  56.4422  0001475 159.6824 323.7360 15.06879840 20764

STARLINK-40125
1 48425U 26189A   26280.05811131 -.00013613 00000-0  +50976-4 762634
2 48425 53.0000  55.8980  0001474 137.1256 215.0611 15.03995412 80484

STARLINK-40126
1 48426U 26189A   26280.05811131 -.00014930 00000-0  +69695-4 691862
2 48426 53.0000  54.3005  0001352 276.8266 259.5024 15.03887360 47435

STARLINK-40127
1 48427U 26189A   26280.05811131 -.00017066 00000-0  +37911-4 300061
2 48427 53.0000  55.0978  0001509 112.5174 112.5085 15.05145900 87709

STARLINK-40128
1 48428U 26189A   26280.05811131 -.00017140 00000-0  +16526-4 868692
2 48428 53.0000  61.1274  0000243 265.9666 292.2369 15.03759179 64006

STARLINK-40129
1 48429U 26189A   26280.05811131 -.00009984 00000-0  +71153-4 477008
2 48429 53.0000  51.0289  0001932 152.2573 329.7037 15.06170699 61194

STARLINK-40130
1 48430U 26189A   26280.05811131 -.00012825 00000-0  +24892-4 581765
2 48430 53.0000  66.9075  0001363 80.7282  38.9586  15.04897231 28821

STARLINK-40131
1 48431U 26189A   26280.05811131 -.00012760 00000-0  +66505-4 942391
2 48431 53.0000  62.2715  0001740 350.8368 294.6337 15.06541068 14306

STARLINK-40132
1 48432U 26189A   26280.05811131 -.00014183 00000-0  +58543-4 560099
2 48432 53.0000  68.4308  0000108 98.3773  274.4674 15.05926626 11004

STARLINK-40133
1 48433U 26189A   26280.05811131 -.00005435 00000-0  +56014-4 795316
2 48433 53.0000  51.8352  0000189 266.7489 349.8517 15.04216268 45243

STARLINK-40134
1 48434U 26189A   26280.05811131 -.00010712 00000-0  +21019-4 168952
2 48434 53.0000  61.9245  0000673 116.7778 338.9067 15.04995424 35493

STARLINK-40135
1 48435U 26189A   26280.05811131 -.00013503 00000-0  +57178-4 458041
2 48435 53.0000  58.8409  0000594 238.2979 174.8382 15.04120286 45311

STARLINK-40136
1 48436U 26189A   26280.05811131 -.00004935 00000-0  +40094-4 159521
2 48436 53.0000  63.3427  0000616 244.2551 175.1878 15.06510418 46127

STARLINK-40137
1 48437U 26189A   26280.05811131 -.00013189 00000-0  +10538-4 530076
2 48437 53.0000  55.1104  0000653 76.0442  49.4045  15.05071700 29653

STARLINK-40138
1 48438U 26189A   26280.05811131 -.00015699 00000-0  +22299-4 564215
2 48438 53.0000  66.6671  0000810 253.3217 180.0944 15.03521566 21802

STARLINK-40139
1 48439U 26189A   26280.05811131 -.00015615 00000-0  +40535-4 630086
2 48439 53.0000  58.5857  0000970 28.0305  112.7018 15.05078931 78431

STARLINK-40140
1 48440U 26189A   26280.05811131 -.00009886 00000-0  +77634-4 574280
2 48440 53.0000  63.7922  0000394 341.1412 165.6349 15.04648707 24430

STARLINK-40141
1 48441U 26189A   26280.05811131 -.00004800 00000-0  +40497-4 390410
2 48441 53.0000  64.9161  0000851 28.3130  313.3888 15.05237493 64563

STARLINK-40142
1 48442U 26189A   26280.05811131 -.00004298 00000-0  +54326-4 945997
2 48442 53.0000  57.0220  0001111 69.8053  279.4422 15.06607117 34194

STARLINK-40143
1 48443U 26189A   26280.05811131 -.00005490 00000-0  +23809-4 923069
2 48443 53.0000  53.5429  0001255 273.6775 235.9832 15.04435721 90958

STARLINK-40144
1 48444U 26189A   26280.05811131 -.00012584 00000-0  +50563-4 523638
2 48444 53.0000  69.7306  0001412 317.5373 231.4771 15.05346458 61791

STARLINK-40145
1 48445U 26189A   26280.05811131 -.00004161 00000-0  +40955-4 506850
2 48445 53.0000  60.1467  0000656 98.8825  20.2220  15.04094476 85658

STARLINK-40146
1 48446U 26189A   26280.05811131 -.00003967 00000-0  +68219-4 764628
2 48446 53.0000  62.3002  0000203 311.1300 307.9056 15.05298301 72994

STARLINK-40147
1 48447U 26189A   26280.05811131 -.00012423 00000-0  +65427-4 521434
2 48447 53.0000  63.0367  0001842 161.9041 291.5337 15.05341493 87920

STARLINK-40148
1 48448U 26189A   26280.05811131 -.00019281 00000-0  +41537-4 946891
2 48448 53.0000  51.6866  0001672 301.4558 353.6588 15.05496115 38277

STARLINK-40149
1 48449U 26189A   26280.05811131 -.00015030 00000-0  +79369-4 607797
2 48449 53.0000  68.3587  0001098 219.5299 131.0033 15.03647214 76974

STARLINK-40150
1 48450U 26189A   26280.05811131 -.00014541 00000-0  +13666-4 606679
2 48450 53.0000  61.1593  0001312 120.4738 118.6887 15.06588505 56551

STARLINK-40151
1 48451U 26189A   26280.05811131 -.00017477 00000-0  +77509-4 558516
2 48451 53.0000  63.2722  0001255 54.1344  29.3407  15.04498629 60827

STARLINK-40152
1 48452U 26189A   26280.05811131 -.00014874 00000-0  +37437-4 530544
2 48452 53.0000  57.5336  0001240 337.6808 111.4495 15.07361432 30936

STARLINK-40153
1 48453U 26189A   26280.05811131 -.00017092 00000-0  +61714-4 574251
2 48453 53.0000  58.4681  0001421 189.5016 232.5689 15.06171112 12984

STARLINK-40154
1 48454U 26189A   26280.05811131 -.00006064 00000-0  +24993-4 201142
2 48454 53.0000  52.7513  0001945 175.0575 81.5555  15.04941037 58463

STARLINK-40155
1 48455U 26189A   26280.05811131 -.00004719 00000-0  +63961-4 910064
2 48455 53.0000  56.7353  0001720 318.1256 13.5891  15.06868359 31474

STARLINK-40156
1 48456U 26189A   26280.05811131 -.00005622 00000-0  +22659-4 157263
2 48456 53.0000  64.4237  0001436 224.9066 324.9562 15.05879632 77311

STARLINK-40157
1 48457U 26189A   26280.05811131 -.00015233 00000-0  +77871-4 413488
2 48457 53.0000  54.6801  0001271 270.8608 282.1681 15.04947844 60701

STARLINK-40158
1 48458U 26189A   26280.05811131 -.00016334 00000-0  +73278-4 469323
2 48458 53.0000  58.8119  0000438 244.1905 205.3510 15.07353032 72566

STARLINK-40159
1 48459U 26189A   26280.05811131 -.00010117 00000-0  +21344-4 729918
2 48459 53.0000  51.0436  0000449 217.6788 314.2807 15.05502273 70816

STARLINK-40160
1 48460U 26189A   26280.05811131 -.00004744 00000-0  +69212-4 772867
2 48460 53.0000  55.4558  0001752 102.6227 274.7221 15.05708809 34149

STARLINK-40161
1 48461U 26189A   26280.05811131 -.00004559 00000-0  +73735-4 619643
2 48461 53.0000  58.2979  0001683 318.4667 334.9699 15.06814833 92245

STARLINK-40162
1 48462U 26189A   26280.05811131 -.00009565 00000-0  +15712-4 539479
2 48462 53.0000  64.2941  0000499 114.7266 35.6699  15.04986492 33922

STARLINK-40163
1 48463U 26189A   26280.05811131 -.00007877 00000-0  +68083-4 106888
2 48463 53.0000  58.9720  0001442 49.9654  253.9930 15.04041044 22989

STARLINK-40164
1 48464U 26189A   26280.05811131 -.00006666 00000-0  +20466-4 411471
2 48464 53.0000  65.5235  0001930 219.1968 152.3717 15.03566661 59347

STARLINK-40165
1 48465U 26189A   26280.05811131 -.00007053 00000-0  +54727-4 802610
2 48465 53.0000  59.9966  0001296 22.6106  301.2076 15.03978039 12698

STARLINK-40166
1 48466U 26189A   26280.05811131 -.00012776 00000-0  +60298-4 345510
2 48466 53.0000  61.4133  0000633 0.5632   127.0138 15.06018466 24021

STARLINK-40167
1 48467U 26189A   26280.05811131 -.00009130 00000-0  +76738-4 716216
2 48467 53.0000  50.4067  0001138 283.1084 182.7441 15.05584584 17134

STARLINK-40168
1 48468U 26189A   26280.05811131 -.00019678 00000-0  +27756-4 923468
2 48468 53.0000  64.6588  0000082 283.8672 124.1289 15.06033329 26987

STARLINK-40169
1 48469U 26189A   26280.05811131 -.00015498 00000-0  +33276-4 997426
2 48469 53.0000  53.5018  0000139 196.5649 292.8632 15.06576651 86127

STARLINK-40170
1 48470U 26189A   26280.05811131 -.00011135 00000-0  +22759-4 364222
2 48470 53.0000  50.7397  0000320 257.7762 339.6979 15.07413923 17172

STARLINK-40171
1 48471U 26189A   26280.05811131 -.00018058 00000-0  +32092-4 147998
2 48471 53.0000  59.4680  0000670 143.3607 293.5462 15.06655083 41312

STARLINK-40172
1 48472U 26189A   26280.05811131 -.00017656 00000-0  +13346-4 624319
2 48472 53.0000  58.7390  0001361 98.3580  287.7633 15.04635090 82044

STARLINK-40173
1 48473U 26189A   26280.05811131 -.00009573 00000-0  +78161-4 208289
2 48473 53.0000  60.3855  0001042 179.1084 332.7518 15.07069196 79559

STARLINK-40174
1 48474U 26189A   26280.05811131 -.00013242 00000-0  +67564-4 501739
2 48474 53.0000  63.2184  0001141 115.6361 28.8248  15.03806354 83054

STARLINK-40175
1 48475U 26189A   26280.05811131 -.00010244 00000-0  +58284-4 670083
2 48475 53.0000  57.0512  0000753 15.2479  313.2134 15.05901132 54981

STARLINK-40176
1 48476U 26189A   26280.05811131 -.00016455 00000-0  +14015-4 309694
2 48476 53.0000  64.9980  0001392 146.2357 184.7110 15.06048523 15101

STARLINK-40177
1 48477U 26189A   26280.05811131 -.00013329 00000-0  +64692-4 601817
2 48477 53.0000  57.3266  0000120 24.2040  280.2655 15.04061764 15305

STARLINK-40178
1 48478U 26189A   26280.05811131 -.00014544 00000-0  +76418-4 621718
2 48478 53.0000  60.5892  0000794 274.7104 206.6118 15.05911025 61501

STARLINK-40179
1 48479U 26189A   26280.05811131 -.00007243 00000-0  +17941-4 443119
2 48479 53.0000  61.2335  0001521 179.6558 139.3155 15.06088889 52649

STARLINK-40180
1 48480U 26189A   26280.05811131 -.00006648 00000-0  +52831-4 197066
2 48480 53.0000  52.7146  0001438 359.5064 72.0642  15.06306797 84060

STARLINK-40181
1 48481U 26189A   26280.05811131 -.00015127 00000-0  +79808-4 185115
2 48481 53.0000  63.3568  0001671 348.3220 355.1669 15.04181271 98825

STARLINK-40182
1 48482U 26189A   26280.05811131 -.00008099 00000-0  +21025-4 393913
2 48482 53.0000  57.2298  0001469 252.0789 62.6728  15.04652095 29887

STARLINK-40183
1 48483U 26189A   26280.05811131 -.00016465 00000-0  +26572-4 823055
2 48483 53.0000  59.3481  0001038 129.9227 206.0199 15.07431176 31265

STARLINK-40184
1 48484U 26189A   26280.05811131 -.00004466 00000-0  +31650-4 853533
2 48484 53.0000  65.3833  0002049 258.7931 189.2504 15.05938439 22084

STARLINK-40185
1 48485U 26189A   26280.05811131 -.00008389 00000-0  +15192-4 822609
2 48485 53.0000  66.5811  0000982 186.2496 46.2005  15.03991953 39814

STARLINK-40186
1 48486U 26189A   26280.05811131 -.00005194 00000-0  +45200-4 312293
2 48486 53.0000  56.0825  0001786 299.3007 186.5168 15.06561772 62865

STARLINK-40187
1 48487U 26189A   26280.05811131 -.00006833 00000-0  +76324-4 821998
2 48487 53.0000  53.9260  0001088 102.2574 28.3896  15.07229597 54961

STARLINK-40188
1 48488U 26189A   26280.05811131 -.00008148 00000-0  +47343-4 963413
2 48488 53.0000  53.0839  0001055 60.7089  338.9785 15.03991327 65319

STARLINK-40189
1 48489U 26189A   26280.05811131 -.00012582 00000-0  +67767-4 953445
2 48489 53.0000  61.5354  0000107 16.3662  230.9233 15.06860766 44532

STARLINK-40190
1 48490U 26189A   26280.05811131 -.00010082 00000-0  +54729-4 733002
2 48490 53.0000  69.1330  0001046 225.7790 104.2818 15.06558482 50126

STARLINK-40191
1 48491U 26189A   26280.05811131 -.00014645 00000-0  +30820-4 367416
2 48491 53.0000  59.6850  0000196 21.5687  158.2580 15.06709399 65733

STARLINK-40192
1 48492U 26189A   26280.05811131 -.00008314 00000-0  +60285-4 585671
2 48492 53.0000  52.6153  0001518 309.8799 351.1347 15.05917287 94371

STARLINK-40193
1 48493U 26189A   26280.05811131 -.00008425 00000-0  +42653-4 603518
2 48493 53.0000  55.8042  0000585 89.2508  34.8522  15.05737251 78502

STARLINK-40194
1 48494U 26189A   26280.05811131 -.00017710 00000-0  +21179-4 753084
2 48494 53.0000  65.2624  0000705 207.9673 112.5774 15.04483727 94337

STARLINK-40195
1 48495U 26189A   26280.05811131 -.00017944 00000-0  +44816-4 864608
2 48495 53.0000  54.8146  0000230 141.5672 164.6030 15.05357906 67812

STARLINK-40196
1 48496U 26189A   26280.05811131 -.00007783 00000-0  +51826-4 240897
2 48496 53.0000  50.1635  0001736 242.1074 102.8694 15.03685278 80607

STARLINK-40197
1 48497U 26189A   26280.05811131 -.00007496 00000-0  +35604-4 575166
2 48497 53.0000  61.2363  0000857 16.2873  18.4168  15.04026386 57285

STARLINK-40198
1 48498U 26189A   26280.05811131 -.00011572 00000-0  +63508-4 226726
2 48498 53.0000  52.3762  0000609 356.0727 244.9435 15.03784773 74538

STARLINK-40199
1 48499U 26189A   26280.05811131 -.00019775 00000-0  +49048-4 152765
2 48499 53.0000  58.0277  0000781 51.9362  216.8867 15.04983439 17423

STARLINK-40200
1 48500U 26189A   26280.05811131 -.00015131 00000-0  +66278-4 903566
2 48500 53.0000  112.7956 0001089 53.6186  321.5274 15.03646302 62186

STARLINK-40201
1 48501U 26189A   26280.05811131 -.00019840 00000-0  +61752-4 837836
2 48501 53.0000  120.6468 0000648 121.0944 298.1842 15.04140654 59114

STARLINK-40202
1 48502U 26189A   26280.05811131 -.00003283 00000-0  +33187-4 924783
2 48502 53.0000  127.9753 0000269 149.9545 110.7640 15.05390216 14362

STARLINK-40203
1 48503U 26189A   26280.05811131 -.00007514 00000-0  +55891-4 729739
2 48503 53.0000  111.0271 0001994 208.2508 81.9156  15.05878284 37931

STARLINK-40204
1 48504U 26189A   26280.05811131 -.00015260 00000-0  +64222-4 244041
2 48504 53.0000  121.4514 0000810 295.7981 87.1908  15.05587575 41252

STARLINK-40205
1 48505U 26189A   26280.05811131 -.00008333 00000-0  +20600-4 181632
2 48505 53.0000  128.4104 0001431 147.7359 278.9900 15.03566395 32628

STARLINK-40206
1 48506U 26189A   26280.05811131 -.00012535 00000-0  +79869-4 798783
2 48506 53.0000  119.1933 0001007 135.6569 344.4068 15.05565379 66088

STARLINK-40207
1 48507U 26189A   26280.05811131 -.00014490 00000-0  +70736-4 423112
2 48507 53.0000  119.6836 0001411 289.3149 95.1704  15.05675739 55713

STARLINK-40208
1 48508U 26189A   26280.05811131 -.00006823 00000-0  +78104-4 515551
2 48508 53.0000  124.0998 0000645 104.0415 74.6200  15.05722993 88613

STARLINK-40209
1 48509U 26189A   26280.05811131 -.00018873 00000-0  +65678-4 617128
2 48509 53.0000  117.5939 0000597 43.8747  243.5840 15.04885859 66545

STARLINK-40210
1 48510U 26189A   26280.05811131 -.00016678 00000-0  +30332-4 436129
2 48510 53.0000  118.8475 0000625 257.0909 124.6909 15.07309081 88491

STARLINK-40211
1 48511U 26189A   26280.05811131 -.00017075 00000-0  +28979-4 413637
2 48511 53.0000  124.8178 0001174 97.7837  39.3216  15.04346593 49720

STARLINK-40212
1 48512U 26189A   26280.05811131 -.00018388 00000-0  +25797-4 992857
2 48512 53.0000  119.4481 0000516 36.0713  118.9057 15.03693708 32525

STARLINK-40213
1 48513U 26189A   26280.05811131 -.00012356 00000-0  +75037-4 361433
2 48513 53.0000  119.5490 0000864 336.6116 316.2239 15.03511372 57066

STARLINK-40214
1 48514U 26189A   26280.05811131 -.00013980 00000-0  +73556-4 148884
2 48514 53.0000  124.4624 0000229 206.6880 192.6548 15.04775317 38688

STARLINK-40215
1 48515U 26189A   26280.05811131 -.00017239 00000-0  +75375-4 479413
2 48515 53.0000  113.7262 0000123 301.0332 283.6658 15.05162186 16137

STARLINK-40216
1 48516U 26189A   26280.05811131 -.00012655 00000-0  +17511-4 747383
2 48516 53.0000  120.8660 0002016 102.4422 356.0758 15.03527715 31982

STARLINK-40217
1 48517U 26189A   26280.05811131 -.00010956 00000-0  +23497-4 344053
2 48517 53.0000  115.1453 0000275 58.4979  165.2092 15.06894885 12306

STARLINK-40218
1 48518U 26189A   26280.05811131 -.00016443 00000-0  +49745-4 660595
2 48518 53.0000  127.9409 0001565 63.1782  308.2127 15.06437118 94420

STARLINK-40219
1 48519U 26189A   26280.05811131 -.00009814 00000-0  +16677-4 602752
2 48519 53.0000  110.1366 0002013 171.8835 336.8971 15.04802353 48587

STARLINK-40220
1 48520U 26189A   26280.05811131 -.00007539 00000-0  +33074-4 409728
2 48520 53.0000  117.1910 0001215 206.2358 94.1591  15.05277588 20171

STARLINK-40221
1 48521U 26189A   26280.05811131 -.00010912 00000-0  +21180-4 253898
2 48521 53.0000  125.3968 0001422 332.3182 319.6085 15.06161790 58332

STARLINK-40222
1 48522U 26189A   26280.05811131 -.00006754 00000-0  +77015-4 819894
2 48522 53.0000  117.4725 0001006 163.7923 355.9817 15.04960822 87141

STARLINK-40223
1 48523U 26189A   26280.05811131 -.00016634 00000-0  +67792-4 788798
2 48523 53.0000  125.7474 0001574 244.9231 214.4932 15.06520048 83191

STARLINK-40224
1 48524U 26189A   26280.05811131 -.00009150 00000-0  +74207-4 803410
2 48524 53.0000  114.0431 0000274 298.3587 325.0397 15.05603338 34552

STARLINK-40225
1 48525U 26189A   26280.05811131 -.00017526 00000-0  +40929-4 683901
2 48525 53.0000  127.9778 0001411 258.0905 175.9781 15.04148795 19115

STARLINK-40226
1 48526U 26189A   26280.05811131 -.00011725 00000-0  +41976-4 618975
2 48526 53.0000  124.4656 0000165 166.4562 290.4895 15.05304375 51696

STARLINK-40227
1 48527U 26189A   26280.05811131 -.00015679 00000-0  +50482-4 190469
2 48527 53.0000  129.8825 0000141 124.0304 22.9536  15.06756459 87348

STARLINK-40228
1 48528U 26189A   26280.05811131 -.00009951 00000-0  +63828-4 601326
2 48528 53.0000  118.4072 0001582 352.2000 232.5171 15.03617585 83483

STARLINK-40229
1 48529U 26189A   26280.05811131 -.00018415 00000-0  +36295-4 555823
2 48529 53.0000  123.0707 0001415 238.2453 194.1481 15.06969127 29438

STARLINK-40230
1 48530U 26189A   26280.05811131 -.00012133 00000-0  +47019-4 491078
2 48530 53.0000  110.4547 0001506 80.1685  1.2504   15.04204540 85855

STARLINK-40231
1 48531U 26189A   26280.05811131 -.00012256 00000-0  +47235-4 247906
2 48531 53.0000  115.5130 0001697 89.1043  124.6175 15.06184645 15276

STARLINK-40232
1 48532U 26189A   26280.05811131 -.00010127 00000-0  +63624-4 144009
2 48532 53.0000  112.0179 0001818 5.6325   74.1894  15.06728559 83149

STARLINK-40233
1 48533U 26189A   26280.05811131 -.00014956 00000-0  +13407-4 173987
2 48533 53.0000  114.3454 0001531 144.8155 84.3621  15.05881786 32955

STARLINK-40234
1 48534U 26189A   26280.05811131 -.00007917 00000-0  +67105-4 520303
2 48534 53.0000  123.4506 0001513 114.8053 215.2504 15.05506229 48812

STARLINK-40235
1 48535U 26189A   26280.05811131 -.00005435 00000-0  +56215-4 329551
2 48535 53.0000  128.9704 0000492 108.1803 21.9447  15.04697704 79996

STARLINK-40236
1 48536U 26189A   26280.05811131 -.00003797 00000-0  +34109-4 635111
2 48536 53.0000  123.9262 0001337 137.2157 188.8067 15.05714049 34440

STARLINK-40237
1 48537U 26189A   26280.05811131 -.00006126 00000-0  +47655-4 706895
2 48537 53.0000  112.8870 0000532 81.1240  308.7148 15.04690200 19446

STARLINK-40238
1 48538U 26189A   26280.05811131 -.00019452 00000-0  +49010-4 689541
2 48538 53.0000  122.9341 0000318 87.4291  73.2012  15.05740190 70793

STARLINK-40239
1 48539U 26189A   26280.05811131 -.00015318 00000-0  +23334-4 346629
2 48539 53.0000  127.4724 0000587 242.5219 217.0519 15.03860502 45555

STARLINK-40240
1 48540U 26189A   26280.05811131 -.00017781 00000-0  +33308-4 253761
2 48540 53.0000  129.2416 0001964 5.5201   337.3775 15.05408223 88460

STARLINK-40241
1 48541U 26189A   26280.05811131 -.00014826 00000-0  +59264-4 711127
2 48541 53.0000  115.6612 0000843 86.1591  115.7814 15.07148411 97431

STARLINK-40242
1 48542U 26189A   26280.05811131 -.00008243 00000-0  +35175-4 519732
2 48542 53.0000  124.4483 0001816 167.7615 289.0140 15.06085531 43283

STARLINK-40243
1 48543U 26189A   26280.05811131 -.00010037 00000-0  +49377-4 859092
2 48543 53.0000  128.6952 0000493 52.5322  93.8787  15.04973466 78419

STARLINK-40244
1 48544U 26189A   26280.05811131 -.00006335 00000-0  +26101-4 542458
2 48544 53.0000  128.8693 0001190 88.4628  198.2313 15.04671415 52164

STARLINK-40245
1 48545U 26189A   26280.05811131 -.00011307 00000-0  +60649-4 283440
2 48545 53.0000  117.0435 0001529 165.8984 263.7980 15.06544088 99548

STARLINK-40246
1 48546U 26189A   26280.05811131 -.00018587 00000-0  +47950-4 975840
2 48546 53.0000  126.9339 0001334 21.1435  12.1766  15.05443911 17944

STARLINK-40247
1 48547U 26189A   26280.05811131 -.00010011 00000-0  +68978-4 589164
2 48547 53.0000  120.1147 0000513 254.5810 3.2909   15.06548001 19900

STARLINK-40248
1 48548U 26189A   26280.05811131 -.00014335 00000-0  +53156-4 115536
2 48548 53.0000  121.0329 0001016 175.6276 2.3804   15.05961987 12741

STARLINK-40249
1 48549U 26189A   26280.05811131 -.00007671 00000-0  +78424-4 334967
2 48549 53.0000  126.1234 0000084 292.7366 242.6519 15.05608317 27538

STARLINK-40250
1 48550U 26189A   26280.05811131 -.00011915 00000-0  +26868-4 203572
2 48550 53.0000  125.8987 0001290 90.8706  127.5988 15.07162841 71120

STARLINK-40251
1 48551U 26189A   26280.05811131 -.00010803 00000-0  +27025-4 951822
2 48551 53.0000  111.6123 0001444 107.9909 298.1023 15.07327837 15190

STARLINK-40252
1 48552U 26189A   26280.05811131 -.00009447 00000-0  +48689-4 668739
2 48552 53.0000  119.9972 0000162 3.4021   61.6981  15.03864648 64276

STARLINK-40253
1 48553U 26189A   26280.05811131 -.00017585 00000-0  +16675-4 842893
2 48553 53.0000  127.3623 0001106 15.3186  76.1101  15.05754072 87907

STARLINK-40254
1 48554U 26189A   26280.05811131 -.00018711 00000-0  +57910-4 512202
2 48554 53.0000  113.5871 0000611 195.4911 236.9193 15.04575026 12562

STARLINK-40255
1 48555U 26189A   26280.05811131 -.00012980 00000-0  +62658-4 415190
2 48555 53.0000  113.2490 0001475 143.3866 27.6975  15.07336523 73758

STARLINK-40256
1 48556U 26189A   26280.05811131 -.00012190 00000-0  +36869-4 553327
2 48556 53.0000  111.5686 0001529 284.5793 248.1518 15.06198786 18796

STARLINK-40257
1 48557U 26189A   26280.05811131 -.00006946 00000-0  +15321-4 527781
2 48557 53.0000  129.3784 0001260 220.9915 214.4191 15.03881389 14856

STARLINK-40258
1 48558U 26189A   26280.05811131 -.00016320 00000-0  +41539-4 867911
2 48558 53.0000  113.7148 0000506 199.0936 135.1537 15.06027138 72279

STARLINK-40259
1 48559U 26189A   26280.05811131 -.00013516 00000-0  +65864-4 930868
2 48559 53.0000  124.2335 0001476 29.5337  55.5195  15.03833422 35276

STARLINK-40260
1 48560U 26189A   26280.05811131 -.00008384 00000-0  +17459-4 273673
2 48560 53.0000  115.3953 0000060 110.9763 129.5703 15.06449267 24303

STARLINK-40261
1 48561U 26189A   26280.05811131 -.00010630 00000-0  +48832-4 883868
2 48561 53.0000  111.8613 0000866 9.4543   127.4091 15.04240213 63151

STARLINK-40262
1 48562U 26189A   26280.05811131 -.00003210 00000-0  +38967-4 418160
2 48562 53.0000  129.8546 0001608 260.9438 201.4332 15.06945519 95371

STARLINK-40263
1 48563U 26189A   26280.05811131 -.00009472 00000-0  +19719-4 651946
2 48563 53.0000  118.6935 0000652 177.5246 22.7762  15.04168978 59115

STARLINK-40264
1 48564U 26189A   26280.05811131 -.00004308 00000-0  +27619-4 240212
2 48564 53.0000  113.9110 0000543 225.0121 213.7703 15.05427571 32193

STARLINK-40265
1 48565U 26189A   26280.05811131 -.00019130 00000-0  +33255-4 953328
2 48565 53.0000  116.6947 0001290 289.4675 118.6350 15.04709278 32300

STARLINK-40266
1 48566U 26189A   26280.05811131 -.00013255 00000-0  +58670-4 929557
2 48566 53.0000  116.3828 0001008 63.9494  143.3662 15.04692387 90449

STARLINK-40267
1 48567U 26189A   26280.05811131 -.00016294 00000-0  +32812-4 361880
2 48567 53.0000  128.6413 0000611 282.9120 131.4056 15.07361698 99393

STARLINK-40268
1 48568U 26189A   26280.05811131 -.00016050 00000-0  +11884-4 190641
2 48568 53.0000  125.9537 0001504 339.4710 75.4734  15.04210355 77033

STARLINK-40269
1 48569U 26189A   26280.05811131 -.00005366 00000-0  +31198-4 688608
2 48569 53.0000  117.5398 0000555 55.4916  152.3261 15.06182557 88513

STARLINK-40270
1 48570U 26189A   26280.05811131 -.00012084 00000-0  +74645-4 803732
2 48570 53.0000  129.3686 0001789 150.5882 13.2355  15.05819622 23927

STARLINK-40271
1 48571U 26189A   26280.05811131 -.00007220 00000-0  +56529-4 947694
2 48571 53.0000  122.9006 0000383 220.5640 202.7593 15.03928124 75474

STARLINK-40272
1 48572U 26189A   26280.05811131 -.00008637 00000-0  +65736-4 831375
2 48572 53.0000  124.9371 0000262 35.4984  79.9204  15.07357890 46215

STARLINK-40273
1 48573U 26189A   26280.05811131 -.00009649 00000-0  +64064-4 237036
2 48573 53.0000  110.4913 0001227 180.1677 124.1883 15.05273760 58408

STARLINK-40274
1 48574U 26189A   26280.05811131 -.00019349 00000-0  +18125-4 371143
2 48574 53.0000  119.1067 0001931 51.0031  112.2805 15.05154548 95378

STARLINK-40275
1 48575U 26189A   26280.05811131 -.00011095 00000-0  +40672-4 250849
2 48575 53.0000  126.2037 0001444 114.8074 108.0951 15.05422350 13700

STARLINK-40276
1 48576U 26189A   26280.05811131 -.00014015 00000-0  +57400-4 309892
2 48576 53.0000  113.4891 0000379 354.2042 87.8087  15.06887366 64228

STARLINK-40277
1 48577U 26189A   26280.05811131 -.00019294 00000-0  +26230-4 138265
2 48577 53.0000  118.6427 0000860 66.4026  230.5724 15.05730042 42329

STARLINK-40278
1 48578U 26189A   26280.05811131 -.00010302 00000-0  +10312-4 856741
2 48578 53.0000  125.9202 0000480 100.2041 253.3535 15.05288946 26678

STARLINK-40279
1 48579U 26189A   26280.05811131 -.00012127 00000-0  +35606-4 937696
2 48579 53.0000  119.7897 0000444 41.0238  241.4525 15.06688655 61342

STARLINK-40280
1 48580U 26189A   26280.05811131 -.00013392 00000-0  +51090-4 489869
2 48580 53.0000  126.2748 0000746 304.3864 222.2506 15.05878529 23880

STARLINK-40281
1 48581U 26189A   26280.05811131 -.00008324 00000-0  +26700-4 881742
2 48581 53.0000  117.7693 0000284 134.3902 50.8891  15.06179086 32588

STARLINK-40282
1 48582U 26189A   26280.05811131 -.00010192 00000-0  +44067-4 318717
2 48582 53.0000  113.4647 0001125 330.8980 335.0502 15.05789870 90224

STARLINK-40283
1 48583U 26189A   26280.05811131 -.00006181 00000-0  +68939-4 355750
2 48583 53.0000  119.6922 0001289 311.5880 342.6631 15.04645985 72904

STARLINK-40284
1 48584U 26189A   26280.05811131 -.00011592 00000-0  +44648-4 208357
2 48584 53.0000  119.7740 0001419 149.6270 302.3610 15.07345962 15050

STARLINK-40285
1 48585U 26189A   26280.05811131 -.00006749 00000-0  +12289-4 749217
2 48585 53.0000  121.3130 0000500 103.9213 281.0665 15.06674169 93695

STARLINK-40286
1 48586U 26189A   26280.05811131 -.00004942 00000-0  +64258-4 678507
2 48586 53.0000  110.8322 0001697 132.0702 296.1399 15.03943490 99517

STARLINK-40287
1 48587U 26189A   26280.05811131 -.00010228 00000-0  +61519-4 444476
2 48587 53.0000  110.6446 0001357 89.1114  314.9315 15.04364814 67111

STARLINK-40288
1 48588U 26189A   26280.05811131 -.00004479 00000-0  +70570-4 559573
2 48588 53.0000  124.7523 0000285 292.2800 75.5561  15.06939444 80153

STARLINK-40289
1 48589U 26189A   26280.05811131 -.00005367 00000-0  +24463-4 806172
2 48589 53.0000  115.6217 0000464 21.3688  126.2936 15.04154572 37585

STARLINK-40290
1 48590U 26189A   26280.05811131 -.00014969 00000-0  +30253-4 224811
2 48590 53.0000  123.5860 0000585 308.8861 354.7758 15.04785260 32218

STARLINK-40291
1 48591U 26189A   26280.05811131 -.00016357 00000-0  +74314-4 427254
2 48591 53.0000  127.3216 0002035 312.1371 45.6797  15.07341734 33961

STARLINK-40292
1 48592U 26189A   26280.05811131 -.00017084 00000-0  +63303-4 642933
2 48592 53.0000  115.3743 0001402 176.2051 207.8732 15.06336225 71461

STARLINK-40293
1 48593U 26189A   26280.05811131 -.00013772 00000-0  +71609-4 583745
2 48593 53.0000  128.7267 0000236 185.6208 100.1612 15.05298613 84499

STARLINK-40294
1 48594U 26189A   26280.05811131 -.00008564 00000-0  +10173-4 970502
2 48594 53.0000  119.1690 0001598 263.7806 263.1355 15.07291662 68695

STARLINK-40295
1 48595U 26189A   26280.05811131 -.00016527 00000-0  +37840-4 471710
2 48595 53.0000  116.4573 0001986 296.9452 178.0974 15.06891071 65330

STARLINK-40296
1 48596U 26189A   26280.05811131 -.00005220 00000-0  +69670-4 920747
2 48596 53.0000  110.9189 0001627 321.8957 274.4114 15.05679888 85296

STARLINK-40297
1 48597U 26189A   26280.05811131 -.00018800 00000-0  +21059-4 272903
2 48597 53.0000  129.9139 0000963 357.0618 154.0077 15.03555771 59451

STARLINK-40298
1 48598U 26189A   26280.05811131 -.00018856 00000-0  +29181-4 316953
2 48598 53.0000  128.0760 0001359 90.1401  133.8638 15.04126556 18489

STARLINK-40299
1 48599U 26189A   26280.05811131 -.00008194 00000-0  +58961-4 724960
2 48599 53.0000  110.0217 0000518 235.9747 253.3313 15.05076012 22762

STARLINK-40300
1 48600U 26189A   26280.05811131 -.00006845 00000-0  +57599-4 653534
2 48600 53.0000  189.7631 0000069 250.4150 294.1592 15.04021445 31658

STARLINK-40301
1 48601U 26189A   26280.05811131 -.00006892 00000-0  +16253-4 601644
2 48601 53.0000  175.9851 0001662 37.1526  132.3222 15.05401447 31813

STARLINK-40302
1 48602U 26189A   26280.05811131 -.00014511 00000-0  +14789-4 379253
2 48602 53.0000  177.0238 0001177 219.7149 59.0820  15.06056951 34804

STARLINK-40303
1 48603U 26189A   26280.05811131 -.00013473 00000-0  +40967-4 603358
2 48603 53.0000  172.4631 0000484 322.7735 50.4047  15.07170222 67594

STARLINK-40304
1 48604U 26189A   26280.05811131 -.00008347 00000-0  +19788-4 896387
2 48604 53.0000  182.0002 0000604 30.3295  199.2228 15.07343641 56689

STARLINK-40305
1 48605U 26189A   26280.05811131 -.00014738 00000-0  +69352-4 613478
2 48605 53.0000  180.1905 0001367 108.5938 186.3897 15.06606525 58425

STARLINK-40306
1 48606U 26189A   26280.05811131 -.00016325 00000-0  +65564-4 193073
2 48606 53.0000  182.7616 0000529 138.9188 86.7894  15.06075325 96550

STARLINK-40307
1 48607U 26189A   26280.05811131 -.00003205 00000-0  +35277-4 816123
2 48607 53.0000  178.4173 0000683 139.2618 302.0304 15.07045544 38304

STARLINK-40308
1 48608U 26189A   26280.05811131 -.00019226 00000-0  +63926-4 179252
2 48608 53.0000  170.7965 0000083 24.3117  94.3867  15.06541550 75203

STARLINK-40309
1 48609U 26189A   26280.05811131 -.00013686 00000-0  +45073-4 907462
2 48609 53.0000  180.7313 0000881 252.6518 29.6740  15.05517088 35013

STARLINK-40310
1 48610U 26189A   26280.05811131 -.00008268 00000-0  +45791-4 931389
2 48610 53.0000  177.8146 0000456 290.9016 193.1005 15.04600517 20836

STARLINK-40311
1 48611U 26189A   26280.05811131 -.00010437 00000-0  +76740-4 902545
2 48611 53.0000  172.3197 0000527 88.0127  332.8660 15.04731324 19019

STARLINK-40312
1 48612U 26189A   26280.05811131 -.00015609 00000-0  +61846-4 554434
2 48612 53.0000  173.2767 0000289 254.8442 252.5399 15.04727806 95685

STARLINK-40313
1 48613U 26189A   26280.05811131 -.00016983 00000-0  +28147-4 254738
2 48613 53.0000  184.6587 0000794 269.9195 314.4456 15.05559537 14807

STARLINK-40314
1 48614U 26189A   26280.05811131 -.00010299 00000-0  +46670-4 769498
2 48614 53.0000  179.9230 0000576 351.0182 225.9118 15.04830690 69001

STARLINK-40315
1 48615U 26189A   26280.05811131 -.00017609 00000-0  +21682-4 251178
2 48615 53.0000  183.4824 0000365 278.3984 321.9366 15.03712402 47421

STARLINK-40316
1 48616U 26189A   26280.05811131 -.00003044 00000-0  +70108-4 334569
2 48616 53.0000  188.4045 0000075 16.5534  131.0315 15.06453766 15790

STARLINK-40317
1 48617U 26189A   26280.05811131 -.00018537 00000-0  +61847-4 455545
2 48617 53.0000  184.4058 0000889 115.8487 149.8524 15.05702105 22761

STARLINK-40318
1 48618U 26189A   26280.05811131 -.00005030 00000-0  +57133-4 625508
2 48618 53.0000  170.9186 0000155 80.3466  185.6787 15.05776790 21290

STARLINK-40319
1 48619U 26189A   26280.05811131 -.00017723 00000-0  +64147-4 482190
2 48619 53.0000  177.3784 0000671 31.0988  164.4286 15.06998611 59795

STARLINK-40320
1 48620U 26189A   26280.05811131 -.00007124 00000-0  +35779-4 816387
2 48620 53.0000  184.6493 0001994 359.2034 279.3189 15.06448950 50167

STARLINK-40321
1 48621U 26189A   26280.05811131 -.00018851 00000-0  +11674-4 539118
2 48621 53.0000  170.1919 0001133 228.9391 249.6459 15.04092911 10238

STARLINK-40322
1 48622U 26189A   26280.05811131 -.00009397 00000-0  +61666-4 178502
2 48622 53.0000  178.3963 0000665 73.8700  353.9217 15.06526363 33329

STARLINK-40323
1 48623U 26189A   26280.05811131 -.00004581 00000-0  +74489-4 211283
2 48623 53.0000  177.4498 0001845 187.1133 252.3049 15.06337256 25656

STARLINK-40324
1 48624U 26189A   26280.05811131 -.00013833 00000-0  +37605-4 482306
2 48624 53.0000  172.6142 0001234 22.4218  238.4798 15.05512357 52761

STARLINK-40325
1 48625U 26189A   26280.05811131 -.00018743 00000-0  +37507-4 365695
2 48625 53.0000  174.6722 0001714 117.4506 162.9928 15.06894301 32303

STARLINK-40326
1 48626U 26189A   26280.05811131 -.00012940 00000-0  +20879-4 372152
2 48626 53.0000  180.7185 0000379 167.7798 146.3445 15.06610394 84048

STARLINK-40327
1 48627U 26189A   26280.05811131 -.00007505 00000-0  +18394-4 152867
2 48627 53.0000  183.9376 0000365 246.9797 297.4992 15.04723877 45221

STARLINK-40328
1 48628U 26189A   26280.05811131 -.00008572 00000-0  +16385-4 441008
2 48628 53.0000  183.5437 0000546 128.0674 184.8455 15.06834345 38489

STARLINK-40329
1 48629U 26189A   26280.05811131 -.00009875 00000-0  +41654-4 283221
2 48629 53.0000  186.0779 0001546 89.9469  166.3356 15.03614974 29896

STARLINK-40330
1 48630U 26189A   26280.05811131 -.00017116 00000-0  +78780-4 945001
2 48630 53.0000  182.6060 0000311 296.5224 134.0063 15.03538474 23764

STARLINK-40331
1 48631U 26189A   26280.05811131 -.00007400 00000-0  +66892-4 268804
2 48631 53.0000  178.8686 0000094 23.2099  324.8986 15.05819941 25060

STARLINK-40332
1 48632U 26189A   26280.05811131 -.00017099 00000-0  +33208-4 617735
2 48632 53.0000  181.4777 0000135 165.9582 60.4761  15.07110958 91284

STARLINK-40333
1 48633U 26189A   26280.05811131 -.00014615 00000-0  +22097-4 145412
2 48633 53.0000  187.6685 0000479 67.3744  100.7476 15.03608575 50264

STARLINK-40334
1 48634U 26189A   26280.05811131 -.00011481 00000-0  +71795-4 942336
2 48634 53.0000  178.3847 0001008 31.5798  137.8855 15.06079760 96143

STARLINK-40335
1 48635U 26189A   26280.05811131 -.00019899 00000-0  +48056-4 735275
2 48635 53.0000  179.5937 0000089 137.6993 256.8134 15.04487237 66363

STARLINK-40336
1 48636U 26189A   26280.05811131 -.00011541 00000-0  +37187-4 468223
2 48636 53.0000  187.9153 0000410 114.7959 78.8473  15.07141354 19594

STARLINK-40337
1 48637U 26189A   26280.05811131 -.00011019 00000-0  +35020-4 416085
2 48637 53.0000  174.9571 0001218 83.7944  57.4649  15.06725261 53669

STARLINK-40338
1 48638U 26189A   26280.05811131 -.00016451 00000-0  +61594-4 609114
2 48638 53.0000  189.6533 0001578 341.2089 207.2492 15.05625404 68138

STARLINK-40339
1 48639U 26189A   26280.05811131 -.00019856 00000-0  +22160-4 875376
2 48639 53.0000  177.1757 0000523 114.4816 265.7178 15.07231470 14629

STARLINK-40340
1 48640U 26189A   26280.05811131 -.00008979 00000-0  +49736-4 745174
2 48640 53.0000  186.2080 0000334 341.4127 301.2109 15.06304457 98827

STARLINK-40341
1 48641U 26189A   26280.05811131 -.00011337 00000-0  +16318-4 904950
2 48641 53.0000  170.0137 0000515 78.7712  189.5215 15.04726858 43009

STARLINK-40342
1 48642U 26189A   26280.05811131 -.00008793 00000-0  +22422-4 285666
2 48642 53.0000  172.9542 0001655 312.5582 21.4401  15.06716428 28177

STARLINK-40343
1 48643U 26189A   26280.05811131 -.00017631 00000-0  +77239-4 495522
2 48643 53.0000  172.0206 0000797 339.0924 142.4144 15.06876569 62850

STARLINK-40344
1 48644U 26189A   26280.05811131 -.00005678 00000-0  +76409-4 836595
2 48644 53.0000  173.4841 0001634 345.8384 233.7049 15.04036453 68466

STARLINK-40345
1 48645U 26189A   26280.05811131 -.00013012 00000-0  +22275-4 850821
2 48645 53.0000  184.5766 0000664 247.8594 45.8454  15.04383595 74159

STARLINK-40346
1 48646U 26189A   26280.05811131 -.00016104 00000-0  +49724-4 938394
2 48646 53.0000  182.2276 0000414 114.5581 291.1705 15.06893674 27058

STARLINK-40347
1 48647U 26189A   26280.05811131 -.00005391 00000-0  +62174-4 216293
2 48647 53.0000  187.7064 0000526 353.6567 60.4395  15.07237397 65002

STARLINK-40348
1 48648U 26189A   26280.05811131 -.00007509 00000-0  +27468-4 605858
2 48648 53.0000  170.0256 0000186 92.3969  38.8925  15.05277166 81794

STARLINK-40349
1 48649U 26189A   26280.05811131 -.00019475 00000-0  +71919-4 728478
2 48649 53.0000  172.0286 0001036 136.3365 196.5686 15.06420984 46958

STARLINK-40350
1 48650U 26189A   26280.05811131 -.00004253 00000-0  +69203-4 322965
2 48650 53.0000  171.4840 0000640 114.7381 342.5984 15.04141272 71519

STARLINK-40351
1 48651U 26189A   26280.05811131 -.00004275 00000-0  +75928-4 140622
2 48651 53.0000  187.8645 0002006 121.6622 354.6994 15.04134264 80661

STARLINK-40352
1 48652U 26189A   26280.05811131 -.00005805 00000-0  +72283-4 826287
2 48652 53.0000  173.7997 0000364 36.4528  73.9982  15.07260415 98498

STARLINK-40353
1 48653U 26189A   26280.05811131 -.00007786 00000-0  +26628-4 572941
2 48653 53.0000  173.0718 0000149 205.8371 302.3476 15.04551705 10620

STARLINK-40354
1 48654U 26189A   26280.05811131 -.00008007 00000-0  +56341-4 482483
2 48654 53.0000  173.4166 0001250 71.8829  9.2648   15.05201070 23429

STARLINK-40355
1 48655U 26189A   26280.05811131 -.00004964 00000-0  +64941-4 607936
2 48655 53.0000  182.8373 0000992 322.1559 95.4016  15.05384929 40293

STARLINK-40356
1 48656U 26189A   26280.05811131 -.00009485 00000-0  +23061-4 839564
2 48656 53.0000  186.7416 0000139 158.3066 94.8243  15.04974728 20092

STARLINK-40357
1 48657U 26189A   26280.05811131 -.00014840 00000-0  +16769-4 398204
2 48657 53.0000  185.1291 0001386 290.9449 149.0352 15.04095169 19994

STARLINK-40358
1 48658U 26189A   26280.05811131 -.00016913 00000-0  +39304-4 724245
2 48658 53.0000  187.6331 0001121 312.0818 170.9368 15.06853835 58964

STARLINK-40359
1 48659U 26189A   26280.05811131 -.00018347 00000-0  +60001-4 913001
2 48659 53.0000  183.5507 0001054 324.1638 288.1621 15.03806466 34158

STARLINK-40360
1 48660U 26189A   26280.05811131 -.00015872 00000-0  +22102-4 654926
2 48660 53.0000  172.5237 0002019 349.9794 291.0459 15.03971773 22836

STARLINK-40361
1 48661U 26189A   26280.05811131 -.00010402 00000-0  +79809-4 187838
2 48661 53.0000  188.2161 0001304 300.2789 92.8391  15.07443766 24257

STARLINK-40362
1 48662U 26189A   26280.05811131 -.00009755 00000-0  +32829-4 916659
2 48662 53.0000  185.7310 0000602 164.9366 314.4479 15.05043043 95612

STARLINK-40363
1 48663U 26189A   26280.05811131 -.00004913 00000-0  +20475-4 238450
2 48663 53.0000  172.0041 0001183 209.7638 347.3394 15.06617389 26546

STARLINK-40364
1 48664U 26189A   26280.05811131 -.00017747 00000-0  +71610-4 720037
2 48664 53.0000  181.4405 0001806 95.0892  235.7236 15.06633628 16138

STARLINK-40365
1 48665U 26189A   26280.05811131 -.00009851 00000-0  +53277-4 411390
2 48665 53.0000  187.5792 0001412 144.6192 142.4854 15.04179445 18077

STARLINK-40366
1 48666U 26189A   26280.05811131 -.00018654 00000-0  +72792-4 744372
2 48666 53.0000  175.6069 0000090 294.2589 109.0998 15.06473645 26096

STARLINK-40367
1 48667U 26189A   26280.05811131 -.00006875 00000-0  +31034-4 892957
2 48667 53.0000  184.5760 0001537 278.6511 115.5126 15.07380632 24628

STARLINK-40368
1 48668U 26189A   26280.05811131 -.00006594 00000-0  +67678-4 775375
2 48668 53.0000  186.4203 0001532 273.4176 312.1880 15.04242389 36041

STARLINK-40369
1 48669U 26189A   26280.05811131 -.00015063 00000-0  +38237-4 363098
2 48669 53.0000  173.4747 0001611 188.7430 204.7220 15.03753114 19441

STARLINK-40370
1 48670U 26189A   26280.05811131 -.00010760 00000-0  +74262-4 932842
2 48670 53.0000  180.1025 0001459 98.6319  296.4623 15.04488607 30296

STARLINK-40371
1 48671U 26189A   26280.05811131 -.00007113 00000-0  +44215-4 551214
2 48671 53.0000  181.0267 0000942 345.7873 170.8496 15.06215343 36793

STARLINK-40372
1 48672U 26189A   26280.05811131 -.00007397 00000-0  +68161-4 380912
2 48672 53.0000  187.0764 0000231 9.8822   17.8744  15.06841261 46268

STARLINK-40373
1 48673U 26189A   26280.05811131 -.00014521 00000-0  +28836-4 111669
2 48673 53.0000  185.3515 0000869 7.2188   280.9093 15.06080165 87676

STARLINK-40374
1 48674U 26189A   26280.05811131 -.00014005 00000-0  +52080-4 942454
2 48674 53.0000  176.1092 0000067 90.8606  289.8308 15.07136708 55115

STARLINK-40375
1 48675U 26189A   26280.05811131 -.00009400 00000-0  +34410-4 620559
2 48675 53.0000  186.4862 0000554 168.0113 243.7906 15.05185873 26764

STARLINK-40376
1 48676U 26189A   26280.05811131 -.00019990 00000-0  +77654-4 997076
2 48676 53.0000  175.6535 0001729 202.1246 213.7581 15.03520036 27718

STARLINK-40377
1 48677U 26189A   26280.05811131 -.00008717 00000-0  +29354-4 953898
2 48677 53.0000  189.0438 0000700 99.6786  236.2031 15.05417600 58950

STARLINK-40378
1 48678U 26189A   26280.05811131 -.00011794 00000-0  +26821-4 518880
2 48678 53.0000  178.0820 0000164 308.6335 291.6104 15.04244086 32921

STARLINK-40379
1 48679U 26189A   26280.05811131 -.00014142 00000-0  +79823-4 849787
2 48679 53.0000  170.7064 0000569 150.6836 139.7790 15.06375779 41111

STARLINK-40380
1 48680U 26189A   26280.05811131 -.00015127 00000-0  +58042-4 493474
2 48680 53.0000  177.1699 0001327 171.2647 338.6405 15.04863314 37854

STARLINK-40381
1 48681U 26189A   26280.05811131 -.00017900 00000-0  +22680-4 339957
2 48681 53.0000  186.1669 0000245 46.0599  93.1147  15.06853201 64992

STARLINK-40382
1 48682U 26189A   26280.05811131 -.00006778 00000-0  +25633-4 867518
2 48682 53.0000  177.4336 0001793 151.3701 319.2637 15.06108384 58175

STARLINK-40383
1 48683U 26189A   26280.05811131 -.00005002 00000-0  +13757-4 354995
2 48683 53.0000  179.4444 0001319 208.9127 223.4357 15.05345688 91994

STARLINK-40384
1 48684U 26189A   26280.05811131 -.00014572 00000-0  +47089-4 549146
2 48684 53.0000  189.8470 0000876 313.5057 54.2802  15.03969910 77044

STARLINK-40385
1 48685U 26189A   26280.05811131 -.00018178 00000-0  +79065-4 535989
2 48685 53.0000  171.6162 0000336 310.4618 64.9284  15.07439412 38976

STARLINK-40386
1 48686U 26189A   26280.05811131 -.00003986 00000-0  +41644-4 215393
2 48686 53.0000  173.1687 0000469 278.4752 207.4604 15.04744302 31208

STARLINK-40387
1 48687U 26189A   26280.05811131 -.00013769 00000-0  +38238-4 589034
2 48687 53.0000  173.9883 0001981 137.9939 13.5811  15.05948565 12305

STARLINK-40388
1 48688U 26189A   26280.05811131 -.00015866 00000-0  +47172-4 551345
2 48688 53.0000  174.5253 0000086 1.4846   264.0972 15.07058671 61139

STARLINK-40389
1 48689U 26189A   26280.05811131 -.00009520 00000-0  +51207-4 781952
2 48689 53.0000  175.8166 0000384 296.5838 107.3528 15.04006369 95874

STARLINK-40390
1 48690U 26189A   26280.05811131 -.00018096 00000-0  +79683-4 628736
2 48690 53.0000  173.7685 0000735 324.4982 129.3303 15.04841987 13137

STARLINK-40391
1 48691U 26189A   26280.05811131 -.00015362 00000-0  +19184-4 952673
2 48691 53.0000  177.3318 0001518 212.2894 60.8345  15.04404319 16128

STARLINK-40392
1 48692U 26189A   26280.05811131 -.00013885 00000-0  +63987-4 125876
2 48692 53.0000  172.1623 0001296 213.8127 17.2657  15.04991416 17908

STARLINK-40393
1 48693U 26189A   26280.05811131 -.00010085 00000-0  +36618-4 926168
2 48693 53.0000  183.9038 0001145 170.7827 55.1258  15.06249645 11522

STARLINK-40394
1 48694U 26189A   26280.05811131 -.00014248 00000-0  +56374-4 237519
2 48694 53.0000  186.6131 0000590 218.0284 49.3789  15.04695112 93811

STARLINK-40395
1 48695U 26189A   26280.05811131 -.00005001 00000-0  +17981-4 785695
2 48695 53.0000  175.2599 0000263 71.5128  71.9098  15.06365711 43045

STARLINK-40396
1 48696U 26189A   26280.05811131 -.00009966 00000-0  +21226-4 407373
2 48696 53.0000  179.6133 0001146 327.7284 247.7534 15.04922333 10441

STARLINK-40397
1 48697U 26189A   26280.05811131 -.00004513 00000-0  +17730-4 198368
2 48697 53.0000  185.5905 0001198 177.8775 341.8006 15.03541644 26595

STARLINK-40398
1 48698U 26189A   26280.05811131 -.00013954 00000-0  +41973-4 151701
2 48698 53.0000  186.2636 0002005 95.0850  18.0289  15.07109763 57606

STARLINK-40399
1 48699U 26189A   26280.05811131 -.00014505 00000-0  +39820-4 281392
2 48699 53.0000  170.1934 0000282 306.4485 320.5051 15.04931505 37934

STARLINK-40400
1 48700U 26189A   26280.05811131 -.00018207 00000-0  +76856-4 249202
2 48700 53.0000  236.8545 0000587 263.9045 134.1440 15.04805289 75664

STARLINK-40401
1 48701U 26189A   26280.05811131 -.00010761 00000-0  +68500-4 318608
2 48701 53.0000  247.7225 0001430 172.1682 151.8263 15.05091647 28525

STARLINK-40402
1 48702U 26189A   26280.05811131 -.00015349 00000-0  +78710-4 845728
2 48702 53.0000  239.6535 0001739 37.3367  328.0416 15.04020692 81780

STARLINK-40403
1 48703U 26189A   26280.05811131 -.00009456 00000-0  +35102-4 271250
2 48703 53.0000  249.4689 0000108 246.4071 301.8731 15.04215688 89142

STARLINK-40404
1 48704U 26189A   26280.05811131 -.00004920 00000-0  +38790-4 988578
2 48704 53.0000  244.0914 0000142 94.1806  113.1257 15.07172238 95989

STARLINK-40405
1 48705U 26189A   26280.05811131 -.00012803 00000-0  +49551-4 910334
2 48705 53.0000  240.4621 0002006 241.1440 121.7882 15.06560761 25606

STARLINK-40406
1 48706U 26189A   26280.05811131 -.00015353 00000-0  +43735-4 903350
2 48706 53.0000  246.5288 0001377 230.9056 53.5156  15.05222038 18948

STARLINK-40407
1 48707U 26189A   26280.05811131 -.00018884 00000-0  +45390-4 520267
2 48707 53.0000  245.0286 0000989 178.5006 59.5454  15.03537225 49464

STARLINK-40408
1 48708U 26189A   26280.05811131 -.00007729 00000-0  +45485-4 682202
2 48708 53.0000  231.5766 0001151 136.3095 294.1572 15.04814225 83410

STARLINK-40409
1 48709U 26189A   26280.05811131 -.00011474 00000-0  +32124-4 146969
2 48709 53.0000  238.0688 0002011 268.2860 6.3969   15.03842725 99962

STARLINK-40410
1 48710U 26189A   26280.05811131 -.00004545 00000-0  +52294-4 980115
2 48710 53.0000  234.1370 0001288 109.6553 183.0016 15.03491325 84743

STARLINK-40411
1 48711U 26189A   26280.05811131 -.00009177 00000-0  +13799-4 720144
2 48711 53.0000  242.3952 0000496 163.6056 201.6543 15.07292066 69525

STARLINK-40412
1 48712U 26189A   26280.05811131 -.00004938 00000-0  +63152-4 482700
2 48712 53.0000  249.2887 0000493 122.8886 298.7582 15.06354300 99739

STARLINK-40413
1 48713U 26189A   26280.05811131 -.00014936 00000-0  +13204-4 240198
2 48713 53.0000  244.4312 0000378 50.5617  258.0682 15.05578586 51664

STARLINK-40414
1 48714U 26189A   26280.05811131 -.00006188 00000-0  +75115-4 241256
2 48714 53.0000  244.3358 0000836 164.5366 281.3113 15.05934053 77908

STARLINK-40415
1 48715U 26189A   26280.05811131 -.00013765 00000-0  +57050-4 760867
2 48715 53.0000  241.7863 0000296 321.0316 164.6596 15.03676647 32051

STARLINK-40416
1 48716U 26189A   26280.05811131 -.00003074 00000-0  +61535-4 332262
2 48716 53.0000  248.4874 0001156 155.8117 210.6435 15.07346065 38452

STARLINK-40417
1 48717U 26189A   26280.05811131 -.00005182 00000-0  +37118-4 898228
2 48717 53.0000  237.6933 0001251 317.7705 181.4796 15.06412625 50675

STARLINK-40418
1 48718U 26189A   26280.05811131 -.00019381 00000-0  +77934-4 771472
2 48718 53.0000  244.0003 0000956 48.0139  148.5884 15.04585029 58972

STARLINK-40419
1 48719U 26189A   26280.05811131 -.00012313 00000-0  +31974-4 480865
2 48719 53.0000  234.1943 0001524 199.2894 78.2433  15.06862944 66575

STARLINK-40420
1 48720U 26189A   26280.05811131 -.00005255 00000-0  +59728-4 251261
2 48720 53.0000  242.7375 0002000 64.0126  195.2969 15.07175413 67718

STARLINK-40421
1 48721U 26189A   26280.05811131 -.00012908 00000-0  +75987-4 653637
2 48721 53.0000  240.6781 0001470 242.7277 321.7918 15.05739767 12096

STARLINK-40422
1 48722U 26189A   26280.05811131 -.00003430 00000-0  +20173-4 475671
2 48722 53.0000  233.2187 0001391 71.9649  270.0666 15.05581566 51059

STARLINK-40423
1 48723U 26189A   26280.05811131 -.00004055 00000-0  +64905-4 907543
2 48723 53.0000  239.0519 0000458 194.8220 129.1257 15.04076359 46755

STARLINK-40424
1 48724U 26189A   26280.05811131 -.00012542 00000-0  +26632-4 600145
2 48724 53.0000  243.2899 0001619 287.5758 103.5499 15.06460297 73495

STARLINK-40425
1 48725U 26189A   26280.05811131 -.00016398 00000-0  +57960-4 680730
2 48725 53.0000  234.0617 0001982 19.3688  267.7212 15.05156911 46959

STARLINK-40426
1 48726U 26189A   26280.05811131 -.00014979 00000-0  +55334-4 353622
2 48726 53.0000  245.5229 0001560 196.7814 217.2193 15.07136591 58190

STARLINK-40427
1 48727U 26189A   26280.05811131 -.00019719 00000-0  +15213-4 465839
2 48727 53.0000  230.8127 0001975 264.6286 42.9674  15.05285906 53299

STARLINK-40428
1 48728U 26189A   26280.05811131 -.00012928 00000-0  +27851-4 522874
2 48728 53.0000  233.0741 0000711 255.4881 55.7301  15.04010912 18330

STARLINK-40429
1 48729U 26189A   26280.05811131 -.00013631 00000-0  +69020-4 516627
2 48729 53.0000  231.4576 0000652 284.3669 198.0577 15.06585290 96080

STARLINK-40430
1 48730U 26189A   26280.05811131 -.00006126 00000-0  +14772-4 389925
2 48730 53.0000  231.8389 0001060 149.7352 193.3329 15.04370494 44953

STARLINK-40431
1 48731U 26189A   26280.05811131 -.00008628 00000-0  +30550-4 951056
2 48731 53.0000  241.2267 0001951 222.5810 170.9486 15.06143984 11449

STARLINK-40432
1 48732U 26189A   26280.05811131 -.00008882 00000-0  +26824-4 520656
2 48732 53.0000  230.7975 0001335 330.6986 87.7778  15.03949534 72482

STARLINK-40433
1 48733U 26189A   26280.05811131 -.00019065 00000-0  +37011-4 591469
2 48733 53.0000  246.4422 0001130 101.8184 328.0809 15.07154376 94267

STARLINK-40434
1 48734U 26189A   26280.05811131 -.00010574 00000-0  +13070-4 319407
2 48734 53.0000  248.9642 0001847 69.3045  185.0021 15.06701913 98140

STARLINK-40435
1 48735U 26189A   26280.05811131 -.00013658 00000-0  +24755-4 369456
2 48735 53.0000  246.7133 0001309 76.7430  246.7459 15.05623469 98109

STARLINK-40436
1 48736U 26189A   26280.05811131 -.00017937 00000-0  +61896-4 131130
2 48736 53.0000  243.7209 0000920 294.0316 25.9634  15.06805641 85234

STARLINK-40437
1 48737U 26189A   26280.05811131 -.00003644 00000-0  +15127-4 439015
2 48737 53.0000  246.4324 0000406 90.6869  25.3592  15.06358119 76785

STARLINK-40438
1 48738U 26189A   26280.05811131 -.00013714 00000-0  +40312-4 910484
2 48738 53.0000  242.8285 0000084 242.3875 192.5404 15.05042776 20367

STARLINK-40439
1 48739U 26189A   26280.05811131 -.00012955 00000-0  +59062-4 494985
2 48739 53.0000  245.7378 0000195 334.0972 38.2088  15.06514488 24175

STARLINK-40440
1 48740U 26189A   26280.05811131 -.00018754 00000-0  +36699-4 612488
2 48740 53.0000  234.3973 0001694 11.0949  56.2765  15.04616716 99419

STARLINK-40441
1 48741U 26189A   26280.05811131 -.00013779 00000-0  +30864-4 114611
2 48741 53.0000  242.9588 0001824 347.5315 312.1700 15.04670560 33166

STARLINK-40442
1 48742U 26189A   26280.05811131 -.00003086 00000-0  +51766-4 550698
2 48742 53.0000  244.9659 0001124 340.9126 109.6888 15.03983587 44699

STARLINK-40443
1 48743U 26189A   26280.05811131 -.00013981 00000-0  +45879-4 337707
2 48743 53.0000  233.8865 0000372 79.4837  300.5094 15.05141264 18910

STARLINK-40444
1 48744U 26189A   26280.05811131 -.00018850 00000-0  +79602-4 228719
2 48744 53.0000  231.3473 0000973 197.8793 104.6350 15.06896197 42347

STARLINK-40445
1 48745U 26189A   26280.05811131 -.00011282 00000-0  +33160-4 353620
2 48745 53.0000  242.3903 0000306 235.9703 36.0162  15.06393003 62061

STARLINK-40446
1 48746U 26189A   26280.05811131 -.00008582 00000-0  +56160-4 661391
2 48746 53.0000  246.1540 0001437 54.8622  204.0703 15.05434091 37629

STARLINK-40447
1 48747U 26189A   26280.05811131 -.00007185 00000-0  +25507-4 534581
2 48747 53.0000  232.6861 0001530 157.0047 302.4396 15.03509973 88635

STARLINK-40448
1 48748U 26189A   26280.05811131 -.00009099 00000-0  +31383-4 283500
2 48748 53.0000  246.8359 0001153 63.2773  218.3860 15.05342039 98249

STARLINK-40449
1 48749U 26189A   26280.05811131 -.00015470 00000-0  +53863-4 862691
2 48749 53.0000  242.6325 0001505 321.1579 305.8514 15.04276374 76373

STARLINK-40450
1 48750U 26189A   26280.05811131 -.00006617 00000-0  +12566-4 294814
2 48750 53.0000  243.0782 0000571 321.8349 194.2838 15.06567447 69930

STARLINK-40451
1 48751U 26189A   26280.05811131 -.00018154 00000-0  +51272-4 576926
2 48751 53.0000  231.8111 0001764 48.1973  180.4043 15.05060639 92277

STARLINK-40452
1 48752U 26189A   26280.05811131 -.00007061 00000-0  +77480-4 308698
2 48752 53.0000  232.8074 0002014 246.2982 272.5942 15.03533013 39357

STARLINK-40453
1 48753U 26189A   26280.05811131 -.00012619 00000-0  +71054-4 739165
2 48753 53.0000  230.8084 0000342 263.5216 338.1031 15.05756075 47962

STARLINK-40454
1 48754U 26189A   26280.05811131 -.00009280 00000-0  +12997-4 695911
2 48754 53.0000  239.3935 0000464 326.7814 130.0505 15.03742091 17607

STARLINK-40455
1 48755U 26189A   26280.05811131 -.00014025 00000-0  +17226-4 858422
2 48755 53.0000  244.8382 0001987 228.0841 98.4583  15.03650265 99187

STARLINK-40456
1 48756U 26189A   26280.05811131 -.00009403 00000-0  +36496-4 392150
2 48756 53.0000  235.0317 0001225 323.3616 28.0215  15.05771287 94605

STARLINK-40457
1 48757U 26189A   26280.05811131 -.00016893 00000-0  +34152-4 676581
2 48757 53.0000  247.6407 0001635 319.3819 2.3752   15.05114015 37136

STARLINK-40458
1 48758U 26189A   26280.05811131 -.00011747 00000-0  +29657-4 966525
2 48758 53.0000  246.3391 0000350 56.6486  216.7273 15.04410609 47732

STARLINK-40459
1 48759U 26189A   26280.05811131 -.00008614 00000-0  +17934-4 638571
2 48759 53.0000  242.9452 0001400 172.4476 212.6847 15.05149101 13671

STARLINK-40460
1 48760U 26189A   26280.05811131 -.00005174 00000-0  +51464-4 318022
2 48760 53.0000  232.9373 0000319 184.5514 320.6872 15.04465327 52311

STARLINK-40461
1 48761U 26189A   26280.05811131 -.00011783 00000-0  +38382-4 471525
2 48761 53.0000  244.5595 0001988 229.5442 316.2632 15.07180433 24049

STARLINK-40462
1 48762U 26189A   26280.05811131 -.00013311 00000-0  +42999-4 863686
2 48762 53.0000  232.8542 0001013 78.9710  147.8761 15.04357020 39799

STARLINK-40463
1 48763U 26189A   26280.05811131 -.00011684 00000-0  +21741-4 595727
2 48763 53.0000  231.3769 0001421 332.0467 214.7520 15.05983493 73156

STARLINK-40464
1 48764U 26189A   26280.05811131 -.00003282 00000-0  +46590-4 332552
2 48764 53.0000  242.1102 0001869 246.3724 297.5451 15.04019499 87968

STARLINK-40465
1 48765U 26189A   26280.05811131 -.00013197 00000-0  +71443-4 890980
2 48765 53.0000  243.1879 0001113 270.8579 33.5484  15.07097079 98355

STARLINK-40466
1 48766U 26189A   26280.05811131 -.00018248 00000-0  +64241-4 794445
2 48766 53.0000  230.8688 0001348 187.9359 133.3359 15.06800733 80282

STARLINK-40467
1 48767U 26189A   26280.05811131 -.00016639 00000-0  +65269-4 855133
2 48767 53.0000  245.2308 0000812 212.0573 266.9019 15.04408591 26005

STARLINK-40468
1 48768U 26189A   26280.05811131 -.00007327 00000-0  +63610-4 437918
2 48768 53.0000  240.8746 0001870 30.1743  215.3852 15.05192604 40966

STARLINK-40469
1 48769U 26189A   26280.05811131 -.00015642 00000-0  +10498-4 514055
2 48769 53.0000  234.1084 0001095 187.1143 135.0108 15.03512524 76982

STARLINK-40470
1 48770U 26189A   26280.05811131 -.00005631 00000-0  +55610-4 461184
2 48770 53.0000  237.3129 0000557 307.7917 152.4822 15.04939725 75117

STARLINK-40471
1 48771U 26189A   26280.05811131 -.00010025 00000-0  +64865-4 501938
2 48771 53.0000  235.0756 0001015 133.2767 199.7681 15.06510534 66419

STARLINK-40472
1 48772U 26189A   26280.05811131 -.00009768 00000-0  +19665-4 312063
2 48772 53.0000  245.6622 0001778 42.8709  82.7177  15.06587424 26426

STARLINK-40473
1 48773U 26189A   26280.05811131 -.00009810 00000-0  +33691-4 933459
2 48773 53.0000  233.2148 0001151 250.9407 254.4444 15.04348478 10863

STARLINK-40474
1 48774U 26189A   26280.05811131 -.00016995 00000-0  +43017-4 898264
2 48774 53.0000  237.4167 0001250 31.7306  94.7131  15.06708123 16182

STARLINK-40475
1 48775U 26189A   26280.05811131 -.00018822 00000-0  +38045-4 329732
2 48775 53.0000  231.1493 0001362 103.1289 346.8707 15.06388625 90996

STARLINK-40476
1 48776U 26189A   26280.05811131 -.00006429 00000-0  +55982-4 776086
2 48776 53.0000  241.9903 0001658 102.9623 12.0994  15.05246534 47958

STARLINK-40477
1 48777U 26189A   26280.05811131 -.00014458 00000-0  +35182-4 623540
2 48777 53.0000  235.5187 0001360 351.2325 31.2634  15.05951406 67856

STARLINK-40478
1 48778U 26189A   26280.05811131 -.00009893 00000-0  +24022-4 832844
2 48778 53.0000  240.9919 0000081 253.3039 330.9039 15.06169294 67038

STARLINK-40479
1 48779U 26189A   26280.05811131 -.00016864 00000-0  +25841-4 329426
2 48779 53.0000  230.0930 0001976 163.7132 145.4243 15.04880546 76702

STARLINK-40480
1 48780U 26189A   26280.05811131 -.00012497 00000-0  +45222-4 805048
2 48780 53.0000  235.1539 0000730 42.1232  184.7832 15.05515598 50988

STARLINK-40481
1 48781U 26189A   26280.05811131 -.00019423 00000-0  +49422-4 703879
2 48781 53.0000  239.1770 0001590 272.6904 346.0459 15.06267413 14485

STARLINK-40482
1 48782U 26189A   26280.05811131 -.00007383 00000-0  +36787-4 640579
2 48782 53.0000  246.0032 0001627 79.3376  252.4234 15.05418527 67853

STARLINK-40483
1 48783U 26189A   26280.05811131 -.00003165 00000-0  +68252-4 199654
2 48783 53.0000  246.4215 0000547 33.4834  242.5313 15.05556663 39245

STARLINK-40484
1 48784U 26189A   26280.05811131 -.00009010 00000-0  +72602-4 754044
2 48784 53.0000  248.1985 0000588 340.9625 245.9186 15.05396868 42718

STARLINK-40485
1 48785U 26189A   26280.05811131 -.00007115 00000-0  +28578-4 239837
2 48785 53.0000  237.1205 0000508 300.5786 301.0805 15.04430091 29649

STARLINK-40486
1 48786U 26189A   26280.05811131 -.00014489 00000-0  +56440-4 732141
2 48786 53.0000  230.8453 0001278 275.1279 194.9306 15.07171398 70819

STARLINK-40487
1 48787U 26189A   26280.05811131 -.00011370 00000-0  +78975-4 769954
2 48787 53.0000  249.6879 0001844 312.7568 176.6899 15.05973316 55914

STARLINK-40488
1 48788U 26189A   26280.05811131 -.00015753 00000-0  +18977-4 555199
2 48788 53.0000  230.6513 0001101 152.3433 338.2756 15.05082164 74501

STARLINK-40489
1 48789U 26189A   26280.05811131 -.00016190 00000-0  +42004-4 983560
2 48789 53.0000  230.1684 0000291 186.5539 113.6345 15.06932246 44525

STARLINK-40490
1 48790U 26189A   26280.05811131 -.00004713 00000-0  +35312-4 903588
2 48790 53.0000  235.3882 0001774 67.3749  94.6257  15.05008358 66217

STARLINK-40491
1 48791U 26189A   26280.05811131 -.00011479 00000-0  +24737-4 335786
2 48791 53.0000  235.5926 0001451 134.0315 307.5574 15.04954343 31484

STARLINK-40492
1 48792U 26189A   26280.05811131 -.00014662 00000-0  +66993-4 356989
2 48792 53.0000  247.1262 0001492 289.4715 199.9224 15.07407736 33895

STARLINK-40493
1 48793U 26189A   26280.05811131 -.00015555 00000-0  +43109-4 926608
2 48793 53.0000  247.8654 0000069 151.7474 48.4098  15.06690796 94703

STARLINK-40494
1 48794U 26189A   26280.05811131 -.00008367 00000-0  +44063-4 314096
2 48794 53.0000  231.9795 0000552 309.0607 17.1753  15.05626576 19833

STARLINK-40495
1 48795U 26189A   26280.05811131 -.00007323 00000-0  +68728-4 830714
2 48795 53.0000  237.2061 0000243 268.0536 93.5169  15.04352515 52228

STARLINK-40496
1 48796U 26189A   26280.05811131 -.00010000 00000-0  +34576-4 805740
2 48796 53.0000  242.9973 0001409 218.0074 207.6674 15.04867207 38593

STARLINK-40497
1 48797U 26189A   26280.05811131 -.00007838 00000-0  +32756-4 904340
2 48797 53.0000  231.5682 0001071 278.9080 160.8948 15.07408138 56942

STARLINK-40498
1 48798U 26189A   26280.05811131 -.00019262 00000-0  +70778-4 630549
2 48798 53.0000  242.2462 0001331 334.2840 151.8539 15.05345654 21687

STARLINK-40499
1 48799U 26189A   26280.05811131 -.00008842 00000-0  +31944-4 683137
2 48799 53.0000  237.9091 0001356 255.7561 217.9386 15.03807094 69507

@ GROUP=TEST-SAT
TEST-SAT-100
1 20001U 26189A   26280.05811131 -.00180234 00000-0  +78538-3 204946
2 20001 50.6066  84.4658  0000267 307.5163 45.0144  15.56732406 44503

TEST-SAT-101
1 20002U 26189A   26280.05811131 -.00075752 00000-0  +28293-3 209112
2 20002 52.6600  142.9245 0000979 197.4361 9.4914   15.54408466 27029

TEST-SAT-102
1 20003U 26189A   26280.05811131 -.00088819 00000-0  +10513-2 272060
2 20003 52.1059  102.3031 0000985 111.3734 89.0627  15.54790633 96304

TEST-SAT-103
1 20004U 26189A   26280.05811131 -.00057143 00000-0  +10626-2 457056
2 20004 51.7623  350.9934 0000960 117.0725 171.4157 15.57094895 99875

TEST-SAT-104
1 20005U 26189A   26280.05811131 -.00292386 00000-0  +11069-2 786100
2 20005 51.8559  228.9064 0000277 215.1303 227.1771 15.55520204 97455

TEST-SAT-105
1 20006U 26189A   26280.05811131 -.00136792 00000-0  +90157-3 100127
2 20006 50.8143  93.5305  0000905 159.0697 131.6820 15.54979469 95742

TEST-SAT-106
1 20007U 26189A   26280.05811131 -.00261987 00000-0  +64705-3 111978
2 20007 51.5083  340.9047 0000569 2.9942   331.9518 15.57002343 80521

TEST-SAT-107
1 20008U 26189A   26280.05811131 -.00199251 00000-0  +12358-2 946717
2 20008 50.5996  157.3583 0000648 67.8856  317.5783 15.56932683 73851

TEST-SAT-108
1 20009U 26189A   26280.05811131 -.00105148 00000-0  +30297-3 456337
2 20009 52.3757  220.7578 0000725 185.9796 287.9853 15.57054531 56641

TEST-SAT-109
1 20010U 26189A   26280.05811131 -.00182986 00000-0  +54947-3 693458
2 20010 51.4214  39.7283  0000288 24.6470  49.1847  15.56334652 54580

TEST-SAT-110
1 20011U 26189A   26280.05811131 -.00172999 00000-0  +61684-3 263899
2 20011 50.7285  350.0397 0000252 349.0978 7.9671   15.56542714 81839

TEST-SAT-111
1 20012U 26189A   26280.05811131 -.00108203 00000-0  +39589-3 707765
2 20012 53.5919  287.8064 0000594 123.0886 112.1676 15.56649252 15195

TEST-SAT-112
1 20013U 26189A   26280.05811131 -.00260887 00000-0  +14371-2 427785
2 20013 50.3688  169.2528 0000156 279.2350 25.6985  15.55061819 72512

TEST-SAT-113
1 20014U 26189A   26280.05811131 -.00080490 00000-0  +11986-2 704020
2 20014 49.7340  265.5428 0000349 277.6411 159.4659 15.57053832 25399

TEST-SAT-114
1 20015U 26189A   26280.05811131 -.00295529 00000-0  +81467-3 820348
2 20015 49.7687  226.4991 0000781 112.3594 116.3027 15.55825380 95348

TEST-SAT-115
1 20016U 26189A   26280.05811131 -.00170307 00000-0  +58846-3 669060
2 20016 50.5439  350.3787 0000460 18.7515  240.0101 15.54229390 63161

TEST-SAT-116
1 20017U 26189A   26280.05811131 -.00248598 00000-0  +96011-3 881465
2 20017 52.3630  209.1877 0000496 87.5122  348.7806 15.53801095 35392

TEST-SAT-117
1 20018U 26189A   26280.05811131 -.00072370 00000-0  +40501-3 178348
2 20018 52.1005  358.9103 0000191 222.7121 335.1056 15.55226419 68246

TEST-SAT-118
1 20019U 26189A   26280.05811131 -.00225332 00000-0  +12289-2 675036
2 20019 52.6268  283.8823 0000226 83.7629  353.4033 15.56319124 41612

TEST-SAT-119
1 20020U 26189A   26280.05811131 -.00144442 00000-0  +11417-2 742374
2 20020 51.7709  201.2489 0000351 14.2159  254.3854 15.53826235 41097

TEST-SAT-120
1 20021U 26189A   26280.05811131 -.00185905 00000-0  +62079-3 796172
2 20021 50.2414  309.8019 0000568 312.3583 215.5248 15.56007631 35398

TEST-SAT-121
1 20022U 26189A   26280.05811131 -.00254855 00000-0  +90409-3 912295
2 20022 53.1317  264.1168 0000554 279.3304 182.1448 15.55538361 69654

TEST-SAT-122
1 20023U 26189A   26280.05811131 -.00109697 00000-0  +11373-2 822819
2 20023 51.5902  188.6651 0000758 194.0243 139.4967 15.56844890 35253

TEST-SAT-123
1 20024U 26189A   26280.05811131 -.00130650 00000-0  +10332-2 140999
2 20024 50.1191  300.6696 0000210 188.3522 24.0047  15.56192981 43101

TEST-SAT-124
1 20025U 26189A   26280.05811131 -.00097904 00000-0  +24136-3 164336
2 20025 51.9612  224.6294 0000742 139.8956 176.3675 15.54169045 70022

TEST-SAT-125
1 20026U 26189A   26280.05811131 -.00229461 00000-0  +21701-3 937447
2 20026 51.4722  299.5480 0001021 236.0698 334.2253 15.54623715 19942

TEST-SAT-126
1 20027U 26189A   26280.05811131 -.00235869 00000-0  +13576-2 192259
2 20027 51.7161  222.0960 0000922 285.9298 20.9880  15.55184528 59792

TEST-SAT-127
1 20028U 26189A   26280.05811131 -.00103975 00000-0  +87533-3 847142
2 20028 52.2275  69.5230  0000201 83.1665  138.7192 15.54052566 39310

TEST-SAT-128
1 20029U 26189A   26280.05811131 -.00189535 00000-0  +11699-2 236443
2 20029 51.3083  252.9181 0000866 207.5629 242.8173 15.55974518 37337

TEST-SAT-129
1 20030U 26189A   26280.05811131 -.00187491 00000-0  +85610-3 821001
2 20030 53.2099  336.0672 0000758 192.2042 215.9697 15.56910670 63190

TEST-SAT-130
1 20031U 26189A   26280.05811131 -.00153086 00000-0  +10232-2 821204
2 20031 51.1003  196.4254 0000926 116.4423 86.6601  15.57120240 51625

TEST-SAT-131
1 20032U 26189A   26280.05811131 -.00163101 00000-0  +14478-2 495623
2 20032 50.1403  5.8689   0000100 12.4786  102.4136 15.55180858 11079

TEST-SAT-132
1 20033U 26189A   26280.05811131 -.00105472 00000-0  +13124-2 829180
2 20033 51.8147  99.3446  0000122 295.8984 248.2989 15.54942160 35345

TEST-SAT-133
1 20034U 26189A   26280.05811131 -.00165092 00000-0  +40294-3 847746
2 20034 50.8012  92.2478  0000365 320.2651 89.9485  15.54117973 75505

TEST-SAT-134
1 20035U 26189A   26280.05811131 -.00104359 00000-0  +30036-3 224995
2 20035 52.4114  323.6487 0000425 173.7119 175.7795 15.56017084 59217

TEST-SAT-135
1 20036U 26189A   26280.05811131 -.00252085 00000-0  +69601-3 257992
2 20036 51.3372  316.7253 0000880 331.8737 120.3803 15.53890310 47147

TEST-SAT-136
1 20037U 26189A   26280.05811131 -.00262370 00000-0  +14072-2 840440
2 20037 50.8773  188.7780 0000734 227.5897 19.4861  15.56731539 34503

TEST-SAT-137
1 20038U 26189A   26280.05811131 -.00224442 00000-0  +39916-3 218072
2 20038 51.9010  271.0225 0000774 359.0522 349.5745 15.55048151 46387

TEST-SAT-138
1 20039U 26189A   26280.05811131 -.00246592 00000-0  +39242-3 622355
2 20039 50.6502  197.3349 0000436 171.3077 268.3134 15.55468567 92212

TEST-SAT-139
1 20040U 26189A   26280.05811131 -.00224468 00000-0  +11906-2 787140
2 20040 51.8447  205.6790 0000581 71.3191  142.3148 15.55478788 50345

TEST-SAT-140
1 20041U 26189A   26280.05811131 -.00116564 00000-0  +75909-3 349674
2 20041 51.0611  148.8895 0000785 207.3666 40.5108  15.54710084 62546

TEST-SAT-141
1 20042U 26189A   26280.05811131 -.00213852 00000-0  +12006-2 677327
2 20042 52.0927  289.0066 0000269 125.8979 295.7703 15.55118924 17354

TEST-SAT-142
1 20043U 26189A   26280.05811131 -.00108372 00000-0  +10910-2 913963
2 20043 50.5722  266.2494 0000256 262.2552 30.8932  15.57437677 34196

TEST-SAT-143
1 20044U 26189A   26280.05811131 -.00255033 00000-0  +21785-3 805177
2 20044 50.4360  8.1893   0000794 40.0601  162.0222 15.57215833 44711

TEST-SAT-144
1 20045U 26189A   26280.05811131 -.00180816 00000-0  +53626-3 864156
2 20045 49.6736  251.5519 0000583 262.7725 50.8851  15.54556029 96311

TEST-SAT-145
1 20046U 26189A   26280.05811131 -.00092580 00000-0  +56922-3 609404
2 20046 49.6333  235.7128 0000889 222.4673 19.1107  15.53914752 54450

TEST-SAT-146
1 20047U 26189A   26280.05811131 -.00278217 00000-0  +66828-3 766554
2 20047 53.5192  139.1484 0000208 105.2984 318.0248 15.56392751 26311

TEST-SAT-147
1 20048U 26189A   26280.05811131 -.00171166 00000-0  +97624-3 152108
2 20048 52.4499  201.8475 0000188 71.5951  348.0449 15.57356312 50534

TEST-SAT-148
1 20049U 26189A   26280.05811131 -.00126232 00000-0  +83691-3 757002
2 20049 50.8093  127.9361 0000844 6.6140   246.3521 15.57429904 55193

TEST-SAT-149
1 20050U 26189A   26280.05811131 -.00206448 00000-0  +13423-2 298849
2 20050 50.7208  199.7782 0000990 293.3491 10.6077  15.56988395 65992

