KANOPOS-V-43140
1 43140U 26189A   26280.09626971 -.00002472 00000-0  +18017-4 512457
2 43140 97.7671  75.9538  0000177 113.5631 96.3867  14.90710279 44831

KANOPOS-V-49500
1 49500U 26189A   26280.09626971 -.00002510 00000-0  +42009-4 866221
2 49500 97.9712  202.0925 0001201 95.3569  88.7859  14.89960626 80190

KANOPOS-V-50660
1 50660U 26189A   26280.09626971 -.00002510 00000-0  +17676-4 922405
2 50660 98.0171  16.9619  0002494 183.4295 32.7274  14.90930163 36211

KANOPOS-V-53030
1 53030U 26189A   26280.09626971 -.00002508 00000-0  +12223-4 115043
2 53030 97.7918  349.5882 0001016 358.6037 190.4812 14.90507189 28765

