METEOR-M-38878
1 38878U 26189A   26280.09626971 -.00001965 00000-0  +21282-4 823571
2 38878 98.8486  350.3217 0002441 262.7034 193.0421 14.16128659 58034

METEOR-M-43073
1 43073U 26189A   26280.09626971 -.00001988 00000-0  +26958-4 204588
2 43073 98.8842  82.0434  0001774 253.6459 16.4968  14.19059412 48149

METEOR-M-44354
1 44354U 26189A   26280.09626971 -.00002012 00000-0  +17975-4 995935
2 44354 98.7193  241.2631 0002519 58.5555  127.8975 14.19207728 21696

METEOR-M-45853
1 45853U 26189A   26280.09626971 -.00002033 00000-0  +24041-4 997331
2 45853 98.7772  230.3999 0000574 136.6040 356.2284 14.18178318 63133

