@ GROUP=Rassvet
RASSVET-2-1
1 59779U 24092G   26281.28907169  .00000086  00000-0  48693-4 0  9993
2 59779  98.6831  40.2830 0011077 232.5109 127.5068 14.31877132125081
RASSVET-2-2
1 59780U 24092H   26281.28874532  .00000097  00000-0  53015-4 0  9998
2 59780  98.6826  40.2742 0011425 234.0149 125.9976 14.31881971125083
RASSVET-2-3
1 59781U 24092J   26281.28726405  .00000096  00000-0  52571-4 0  9999
2 59781  98.6829  40.2787 0011307 234.1826 125.8307 14.31882211125083
RASSVET-3 1
1 68360U 26061A   26281.29708678  .00003366  00000-0  16187-3 0  9998
2 68360  82.2875 256.7288 0001245  63.0728 297.0633 15.18496150 30736
RASSVET-3 2
1 68361U 26061B   26281.24198647  .00003056  00000-0  14672-3 0  9996
2 68361  82.2887 255.4044 0000743 156.4651 203.6617 15.18525736 30817
RASSVET-3 3
1 68362U 26061C   26281.28408639  .00003682  00000-0  17703-3 0  9999
2 68362  82.2924 258.9046 0002235 157.6358 202.4973 15.18525203 30603
RASSVET-3 5
1 68364U 26061E   26281.29053293  .00003605  00000-0  17333-3 0  9998
2 68364  82.2930 259.7394 0001328  68.2943 291.8432 15.18523055 30555
RASSVET-3 6
1 68365U 26061F   26281.28628668  .00003673  00000-0  17678-3 0  9999
2 68365  82.2909 259.3721 0002018 133.0284 227.1119 15.18492922 30572
RASSVET-3 7
1 68366U 26061G   26281.28842481  .00003995  00000-0  19227-3 0  9990
2 68366  82.2906 258.7222 0003440 113.7096 246.4499 15.18509385 30617
RASSVET-3 8
1 68367U 26061H   26281.23769079  .00003005  00000-0  14435-3 0  9995
2 68367  82.2888 256.2086 0001341 109.3800 250.7579 15.18491407 30768
RASSVET-3 9
1 68368U 26061J   26281.29492162  .00003505  00000-0  16862-3 0  9999
2 68368  82.2893 256.9338 0001366 322.9693  37.1446 15.18494246 30722
RASSVET-3 10
1 68369U 26061K   26281.24413122  .00003426  00000-0  16469-3 0  9999
2 68369  82.2833 251.1155 0000817 187.5794 172.5427 15.18512650 31081
RASSVET-3 11
1 68370U 26061L   26280.79076265 -.00281001  00000-0 -32570-2 0  9992
2 68370  82.2865 248.3416 0001672 232.8958 127.2146 15.62676881 31218
RASSVET-3 12
1 68371U 26061M   26281.29275858  .00003624  00000-0  17425-3 0  9992
2 68371  82.2913 259.3772 0002176  48.5441 311.5979 15.18522371 30574
RASSVET-3 13
1 68372U 26061N   26281.30142498  .00003201  00000-0  15387-3 0  9994
2 68372  82.2924 258.9643 0000665 198.8956 161.2253 15.18495865 30606
RASSVET-3 14
1 68373U 26061P   26281.26151233  .00028647  00000-0  21231-3 0  9993
2 68373  82.2886 247.2607 0011986  68.7780 291.4762 15.72632498 31329
RASSVET-3 15
1 68374U 26061Q   26281.23982282  .00002997  00000-0  14391-3 0  9996
2 68374  82.2917 255.9433 0000574 176.8523 183.2715 15.18502167 30789
RASSVET-3 16
1 68375U 26061R   26281.29922671  .00003172  00000-0  15249-3 0  9998
2 68375  82.2895 256.9479 0001816  44.2201 315.9177 15.18489464 30721
RASSVET-3 17
1 A0083U 26165A   26281.28936343  .00262000  29813-4  34128-3 0  9996
2 A0083  82.2902 139.1041 0016886 116.1572 244.1448 16.06674126 12826
RASSVET-3 18
1 A0084U 26165B   26281.31184012  .00002770  00000-0  10131-3 0  9996
2 A0084  82.2965 142.9205 0000539 231.2181 128.9010 15.27669751 12591
RASSVET-3 19
1 A0085U 26165C   26280.91900174 -.00494852  00000-0 -23570-1 0  9994
2 A0085  82.2980 143.4875 0005417 306.9678  53.1061 15.21441861 12521
RASSVET-3 20
1 A0086U 26165D   26281.30051503  .00002438  00000-0  89062-4 0  9996
2 A0086  82.2987 142.4271 0001097 131.0395 229.0938 15.27644783 12623
RASSVET-3 21
1 A0087U 26165E   26280.89911948 -.00716260  00000-0 -21875-1 0  9990
2 A0087  82.2987 142.5024 0005623 272.3732  87.6867 15.36377941 12587
RASSVET-3 22
1 A0088U 26165F   26280.91694386 -.00520706  00000-0 -24312-1 0  9995
2 A0088  82.2973 143.8043 0005847  25.6233 334.5291 15.22232344 12500
RASSVET-3 23
1 A0089U 26165G   26281.27454977  .00280303  35372-4  33048-3 0  9992
2 A0089  82.2899 139.0722 0015919 116.3879 243.9039 16.08291367 12827
RASSVET-3 24
1 A0090U 26165H   26280.85466357  .00001666  00000-0  60593-4 0  9997
2 A0090  82.2983 142.9157 0000260 213.3706 146.7516 15.27576296 12555
RASSVET-3 25
1 A0091U 26165J   26280.80175490  .00002422  00000-0  88383-4 0  9996
2 A0091  82.2991 143.4914 0000314 272.8771  87.2431 15.27675929 12518
RASSVET-3 26
1 A0092U 26165K   26280.92889394 -.00105222  00000-0 -46748-3 0  9997
2 A0092  82.2952 140.2262 0009702 119.8753 240.3481 15.84482873 12724
RASSVET-3 27
1 A0093U 26165L   26281.24997500  .00001546  00000-0  73544-4 0  9990
2 A0093  82.2970 142.9906 0000555  80.8529 279.2767 15.18477630 12588
RASSVET-3 28
1 A0094U 26165M   26281.30276047  .00002258  00000-0  82341-4 0  9990
2 A0094  82.2975 142.2625 0000373 130.8432 229.2839 15.27664992 12632
RASSVET-3 29
1 A0095U 26165N   26281.30505018  .00001672  00000-0  79628-4 0  9997
2 A0095  82.2988 143.8760 0002060 208.3376 151.7746 15.18497405 12535
RASSVET-3 30
1 A0096U 26165P   26280.91358885 -.00317294  00000-0 -15669-1 0  9996
2 A0096  82.2998 143.8133 0002656 155.1986 204.9376 15.19408459 12507
RASSVET-3 31
1 A0097U 26165Q   26281.25214574  .00001467  00000-0  69725-4 0  9996
2 A0097  82.2965 142.9913 0000173 241.4896 118.6320 15.18488466 12582
RASSVET-3 32
1 A0098U 26165R   26281.30736282  .00001524  00000-0  72424-4 0  9992
2 A0098  82.2968 143.0564 0000263 147.5863 212.5387 15.18502492 12583
